hourofyear	mpf
3096	   0.02049
3097	   0.02067
3098	   0.02086
3099	   0.02104
3100	   0.02122
3101	   0.02141
3102	   0.02160
3103	   0.02179
3104	   0.02198
3105	   0.02217
3106	   0.02236
3107	   0.02255
3108	   0.02275
3109	   0.02294
3110	   0.02314
3111	   0.02334
3112	   0.02354
3113	   0.02374
3114	   0.02394
3115	   0.02415
3116	   0.02435
3117	   0.02456
3118	   0.02476
3119	   0.02497
3120	   0.02518
3121	   0.02539
3122	   0.02560
3123	   0.02582
3124	   0.02603
3125	   0.02625
3126	   0.02646
3127	   0.02668
3128	   0.02690
3129	   0.02712
3130	   0.02734
3131	   0.02756
3132	   0.02778
3133	   0.02800
3134	   0.02823
3135	   0.02845
3136	   0.02868
3137	   0.02891
3138	   0.02913
3139	   0.02936
3140	   0.02959
3141	   0.02982
3142	   0.03006
3143	   0.03029
3144	   0.03052
3145	   0.03076
3146	   0.03099
3147	   0.03123
3148	   0.03147
3149	   0.03171
3150	   0.03194
3151	   0.03218
3152	   0.03242
3153	   0.03267
3154	   0.03291
3155	   0.03315
3156	   0.03340
3157	   0.03364
3158	   0.03389
3159	   0.03413
3160	   0.03438
3161	   0.03463
3162	   0.03487
3163	   0.03512
3164	   0.03537
3165	   0.03562
3166	   0.03587
3167	   0.03613
3168	   0.03638
3169	   0.03663
3170	   0.03689
3171	   0.03714
3172	   0.03740
3173	   0.03765
3174	   0.03791
3175	   0.03816
3176	   0.03842
3177	   0.03868
3178	   0.03894
3179	   0.03920
3180	   0.03946
3181	   0.03972
3182	   0.03998
3183	   0.04024
3184	   0.04050
3185	   0.04076
3186	   0.04103
3187	   0.04129
3188	   0.04155
3189	   0.04182
3190	   0.04208
3191	   0.04235
3192	   0.04261
3193	   0.04288
3194	   0.04314
3195	   0.04341
3196	   0.04368
3197	   0.04395
3198	   0.04421
3199	   0.04448
3200	   0.04475
3201	   0.04502
3202	   0.04529
3203	   0.04556
3204	   0.04583
3205	   0.04610
3206	   0.04637
3207	   0.04664
3208	   0.04691
3209	   0.04718
3210	   0.04745
3211	   0.04772
3212	   0.04800
3213	   0.04827
3214	   0.04854
3215	   0.04881
3216	   0.04908
3217	   0.04936
3218	   0.04963
3219	   0.04990
3220	   0.05018
3221	   0.05045
3222	   0.05072
3223	   0.05100
3224	   0.05127
3225	   0.05155
3226	   0.05182
3227	   0.05209
3228	   0.05237
3229	   0.05264
3230	   0.05292
3231	   0.05319
3232	   0.05346
3233	   0.05374
3234	   0.05401
3235	   0.05429
3236	   0.05456
3237	   0.05484
3238	   0.05511
3239	   0.05538
3240	   0.05566
3241	   0.05593
3242	   0.05621
3243	   0.05648
3244	   0.05675
3245	   0.05703
3246	   0.05730
3247	   0.05758
3248	   0.05785
3249	   0.05812
3250	   0.05839
3251	   0.05867
3252	   0.05894
3253	   0.05921
3254	   0.05948
3255	   0.05976
3256	   0.06003
3257	   0.06030
3258	   0.06057
3259	   0.06084
3260	   0.06111
3261	   0.06138
3262	   0.06166
3263	   0.06193
3264	   0.06220
3265	   0.06246
3266	   0.06273
3267	   0.06300
3268	   0.06327
3269	   0.06354
3270	   0.06381
3271	   0.06408
3272	   0.06434
3273	   0.06461
3274	   0.06488
3275	   0.06514
3276	   0.06541
3277	   0.06567
3278	   0.06594
3279	   0.06620
3280	   0.06646
3281	   0.06673
3282	   0.06699
3283	   0.06725
3284	   0.06752
3285	   0.06778
3286	   0.06804
3287	   0.06830
3288	   0.06856
3289	   0.06882
3290	   0.06908
3291	   0.06933
3292	   0.06959
3293	   0.06985
3294	   0.07010
3295	   0.07036
3296	   0.07062
3297	   0.07087
3298	   0.07112
3299	   0.07138
3300	   0.07163
3301	   0.07188
3302	   0.07213
3303	   0.07238
3304	   0.07263
3305	   0.07288
3306	   0.07313
3307	   0.07338
3308	   0.07363
3309	   0.07387
3310	   0.07412
3311	   0.07436
3312	   0.07461
3313	   0.07485
3314	   0.07509
3315	   0.07533
3316	   0.07557
3317	   0.07581
3318	   0.07605
3319	   0.07629
3320	   0.07653
3321	   0.07677
3322	   0.07700
3323	   0.07724
3324	   0.07747
3325	   0.07770
3326	   0.07794
3327	   0.07817
3328	   0.07840
3329	   0.07863
3330	   0.07886
3331	   0.07908
3332	   0.07931
3333	   0.07953
3334	   0.07976
3335	   0.07998
3336	   0.08021
3337	   0.08043
3338	   0.08065
3339	   0.08087
3340	   0.08109
3341	   0.08130
3342	   0.08152
3343	   0.08173
3344	   0.08195
3345	   0.08216
3346	   0.08237
3347	   0.08258
3348	   0.08279
3349	   0.08300
3350	   0.08321
3351	   0.08341
3352	   0.08362
3353	   0.08382
3354	   0.08403
3355	   0.08423
3356	   0.08443
3357	   0.08463
3358	   0.08482
3359	   0.08502
3360	   0.08522
3361	   0.08541
3362	   0.08560
3363	   0.08579
3364	   0.08598
3365	   0.08617
3366	   0.08636
3367	   0.08655
3368	   0.08673
3369	   0.08691
3370	   0.08710
3371	   0.08728
3372	   0.08746
3373	   0.08763
3374	   0.08781
3375	   0.08799
3376	   0.08816
3377	   0.08833
3378	   0.08850
3379	   0.08867
3380	   0.08884
3381	   0.08901
3382	   0.08917
3383	   0.08934
3384	   0.08950
3385	   0.08966
3386	   0.08982
3387	   0.08998
3388	   0.09013
3389	   0.09029
3390	   0.09044
3391	   0.09059
3392	   0.09074
3393	   0.09089
3394	   0.09104
3395	   0.09118
3396	   0.09132
3397	   0.09147
3398	   0.09161
3399	   0.09175
3400	   0.09188
3401	   0.09202
3402	   0.09215
3403	   0.09228
3404	   0.09241
3405	   0.09254
3406	   0.09267
3407	   0.09279
3408	   0.09292
3409	   0.09304
3410	   0.09316
3411	   0.09328
3412	   0.09339
3413	   0.09351
3414	   0.09362
3415	   0.09373
3416	   0.09384
3417	   0.09395
3418	   0.09405
3419	   0.09416
3420	   0.09426
3421	   0.09436
3422	   0.09446
3423	   0.09455
3424	   0.09465
3425	   0.09474
3426	   0.09483
3427	   0.09492
3428	   0.09501
3429	   0.09509
3430	   0.09517
3431	   0.09526
3432	   0.09533
3433	   0.09541
3434	   0.09549
3435	   0.09556
3436	   0.09563
3437	   0.09570
3438	   0.09577
3439	   0.09583
3440	   0.09589
3441	   0.09595
3442	   0.09601
3443	   0.09607
3444	   0.09612
3445	   0.09618
3446	   0.09623
3447	   0.09627
3448	   0.09632
3449	   0.09636
3450	   0.09641
3451	   0.09644
3452	   0.09648
3453	   0.09652
3454	   0.09655
3455	   0.09658
3456	   0.09661
3457	   0.09664
3458	   0.09666
3459	   0.09668
3460	   0.09670
3461	   0.09672
3462	   0.09673
3463	   0.09675
3464	   0.09676
3465	   0.09677
3466	   0.09677
3467	   0.09678
3468	   0.09678
3469	   0.09678
3470	   0.09677
3471	   0.09677
3472	   0.09676
3473	   0.09675
3474	   0.09673
3475	   0.09672
3476	   0.09670
3477	   0.09668
3478	   0.09666
3479	   0.09663
3480	   0.09661
3481	   0.09658
3482	   0.09654
3483	   0.09651
3484	   0.09647
3485	   0.09643
3486	   0.09639
3487	   0.09635
3488	   0.09630
3489	   0.09626
3490	   0.09621
3491	   0.09615
3492	   0.09610
3493	   0.09604
3494	   0.09599
3495	   0.09593
3496	   0.09587
3497	   0.09580
3498	   0.09574
3499	   0.09567
3500	   0.09561
3501	   0.09554
3502	   0.09547
3503	   0.09540
3504	   0.09532
3505	   0.09525
3506	   0.09517
3507	   0.09510
3508	   0.09502
3509	   0.09494
3510	   0.09486
3511	   0.09478
3512	   0.09470
3513	   0.09462
3514	   0.09453
3515	   0.09445
3516	   0.09436
3517	   0.09428
3518	   0.09419
3519	   0.09410
3520	   0.09402
3521	   0.09393
3522	   0.09384
3523	   0.09375
3524	   0.09366
3525	   0.09357
3526	   0.09348
3527	   0.09339
3528	   0.09330
3529	   0.09321
3530	   0.09312
3531	   0.09303
3532	   0.09294
3533	   0.09285
3534	   0.09276
3535	   0.09267
3536	   0.09258
3537	   0.09250
3538	   0.09241
3539	   0.09232
3540	   0.09223
3541	   0.09214
3542	   0.09206
3543	   0.09197
3544	   0.09188
3545	   0.09180
3546	   0.09171
3547	   0.09163
3548	   0.09155
3549	   0.09147
3550	   0.09139
3551	   0.09131
3552	   0.09123
3553	   0.09115
3554	   0.09107
3555	   0.09100
3556	   0.09092
3557	   0.09085
3558	   0.09078
3559	   0.09071
3560	   0.09064
3561	   0.09057
3562	   0.09051
3563	   0.09044
3564	   0.09038
3565	   0.09032
3566	   0.09026
3567	   0.09020
3568	   0.09015
3569	   0.09009
3570	   0.09004
3571	   0.08999
3572	   0.08994
3573	   0.08990
3574	   0.08985
3575	   0.08981
3576	   0.08977
3577	   0.08974
3578	   0.08970
3579	   0.08967
3580	   0.08964
3581	   0.08961
3582	   0.08959
3583	   0.08956
3584	   0.08954
3585	   0.08953
3586	   0.08951
3587	   0.08950
3588	   0.08949
3589	   0.08948
3590	   0.08948
3591	   0.08948
3592	   0.08948
3593	   0.08949
3594	   0.08950
3595	   0.08951
3596	   0.08953
3597	   0.08954
3598	   0.08957
3599	   0.08959
3600	   0.08962
3601	   0.08965
3602	   0.08969
3603	   0.08973
3604	   0.08977
3605	   0.08981
3606	   0.08986
3607	   0.08992
3608	   0.08997
3609	   0.09004
3610	   0.09010
3611	   0.09017
3612	   0.09024
3613	   0.09032
3614	   0.09040
3615	   0.09049
3616	   0.09058
3617	   0.09067
3618	   0.09077
3619	   0.09087
3620	   0.09098
3621	   0.09109
3622	   0.09120
3623	   0.09132
3624	   0.09145
3625	   0.09158
3626	   0.09171
3627	   0.09185
3628	   0.09199
3629	   0.09214
3630	   0.09229
3631	   0.09245
3632	   0.09261
3633	   0.09278
3634	   0.09296
3635	   0.09313
3636	   0.09332
3637	   0.09351
3638	   0.09370
3639	   0.09390
3640	   0.09410
3641	   0.09431
3642	   0.09453
3643	   0.09475
3644	   0.09497
3645	   0.09521
3646	   0.09544
3647	   0.09569
3648	   0.09594
3649	   0.09619
3650	   0.09645
3651	   0.09672
3652	   0.09699
3653	   0.09727
3654	   0.09755
3655	   0.09784
3656	   0.09814
3657	   0.09844
3658	   0.09875
3659	   0.09907
3660	   0.09939
3661	   0.09972
3662	   0.10005
3663	   0.10040
3664	   0.10074
3665	   0.10110
3666	   0.10146
3667	   0.10183
3668	   0.10220
3669	   0.10258
3670	   0.10297
3671	   0.10336
3672	   0.10377
3673	   0.10417
3674	   0.10459
3675	   0.10501
3676	   0.10544
3677	   0.10588
3678	   0.10632
3679	   0.10677
3680	   0.10723
3681	   0.10769
3682	   0.10816
3683	   0.10863
3684	   0.10911
3685	   0.10960
3686	   0.11009
3687	   0.11059
3688	   0.11109
3689	   0.11161
3690	   0.11212
3691	   0.11264
3692	   0.11317
3693	   0.11370
3694	   0.11424
3695	   0.11479
3696	   0.11534
3697	   0.11589
3698	   0.11645
3699	   0.11702
3700	   0.11759
3701	   0.11816
3702	   0.11874
3703	   0.11933
3704	   0.11992
3705	   0.12051
3706	   0.12111
3707	   0.12171
3708	   0.12232
3709	   0.12293
3710	   0.12355
3711	   0.12417
3712	   0.12480
3713	   0.12542
3714	   0.12606
3715	   0.12669
3716	   0.12734
3717	   0.12798
3718	   0.12863
3719	   0.12928
3720	   0.12994
3721	   0.13060
3722	   0.13126
3723	   0.13193
3724	   0.13260
3725	   0.13327
3726	   0.13394
3727	   0.13462
3728	   0.13531
3729	   0.13599
3730	   0.13668
3731	   0.13737
3732	   0.13806
3733	   0.13876
3734	   0.13946
3735	   0.14016
3736	   0.14086
3737	   0.14157
3738	   0.14228
3739	   0.14299
3740	   0.14370
3741	   0.14442
3742	   0.14513
3743	   0.14585
3744	   0.14657
3745	   0.14730
3746	   0.14802
3747	   0.14875
3748	   0.14948
3749	   0.15021
3750	   0.15094
3751	   0.15167
3752	   0.15240
3753	   0.15314
3754	   0.15387
3755	   0.15461
3756	   0.15535
3757	   0.15609
3758	   0.15683
3759	   0.15757
3760	   0.15831
3761	   0.15905
3762	   0.15979
3763	   0.16054
3764	   0.16128
3765	   0.16203
3766	   0.16277
3767	   0.16351
3768	   0.16426
3769	   0.16500
3770	   0.16575
3771	   0.16649
3772	   0.16724
3773	   0.16798
3774	   0.16873
3775	   0.16947
3776	   0.17022
3777	   0.17096
3778	   0.17170
3779	   0.17244
3780	   0.17318
3781	   0.17392
3782	   0.17466
3783	   0.17540
3784	   0.17614
3785	   0.17688
3786	   0.17761
3787	   0.17835
3788	   0.17908
3789	   0.17981
3790	   0.18054
3791	   0.18127
3792	   0.18200
3793	   0.18272
3794	   0.18345
3795	   0.18417
3796	   0.18489
3797	   0.18561
3798	   0.18633
3799	   0.18704
3800	   0.18775
3801	   0.18846
3802	   0.18917
3803	   0.18988
3804	   0.19058
3805	   0.19128
3806	   0.19198
3807	   0.19267
3808	   0.19337
3809	   0.19406
3810	   0.19474
3811	   0.19543
3812	   0.19611
3813	   0.19679
3814	   0.19746
3815	   0.19813
3816	   0.19880
3817	   0.19947
3818	   0.20013
3819	   0.20079
3820	   0.20144
3821	   0.20209
3822	   0.20274
3823	   0.20339
3824	   0.20403
3825	   0.20466
3826	   0.20529
3827	   0.20592
3828	   0.20654
3829	   0.20716
3830	   0.20778
3831	   0.20839
3832	   0.20900
3833	   0.20960
3834	   0.21020
3835	   0.21079
3836	   0.21138
3837	   0.21196
3838	   0.21254
3839	   0.21311
3840	   0.21368
3841	   0.21424
3842	   0.21480
3843	   0.21536
3844	   0.21590
3845	   0.21645
3846	   0.21698
3847	   0.21751
3848	   0.21804
3849	   0.21856
3850	   0.21908
3851	   0.21958
3852	   0.22009
3853	   0.22058
3854	   0.22108
3855	   0.22156
3856	   0.22204
3857	   0.22251
3858	   0.22298
3859	   0.22344
3860	   0.22389
3861	   0.22434
3862	   0.22478
3863	   0.22521
3864	   0.22564
3865	   0.22606
3866	   0.22647
3867	   0.22688
3868	   0.22728
3869	   0.22767
3870	   0.22806
3871	   0.22844
3872	   0.22882
3873	   0.22918
3874	   0.22955
3875	   0.22990
3876	   0.23025
3877	   0.23059
3878	   0.23093
3879	   0.23126
3880	   0.23159
3881	   0.23190
3882	   0.23222
3883	   0.23252
3884	   0.23282
3885	   0.23312
3886	   0.23341
3887	   0.23369
3888	   0.23397
3889	   0.23424
3890	   0.23451
3891	   0.23477
3892	   0.23503
3893	   0.23528
3894	   0.23553
3895	   0.23577
3896	   0.23600
3897	   0.23623
3898	   0.23645
3899	   0.23667
3900	   0.23689
3901	   0.23710
3902	   0.23730
3903	   0.23750
3904	   0.23770
3905	   0.23789
3906	   0.23807
3907	   0.23825
3908	   0.23843
3909	   0.23860
3910	   0.23877
3911	   0.23893
3912	   0.23909
3913	   0.23924
3914	   0.23939
3915	   0.23954
3916	   0.23968
3917	   0.23982
3918	   0.23995
3919	   0.24008
3920	   0.24020
3921	   0.24032
3922	   0.24044
3923	   0.24055
3924	   0.24066
3925	   0.24077
3926	   0.24087
3927	   0.24097
3928	   0.24106
3929	   0.24115
3930	   0.24124
3931	   0.24132
3932	   0.24140
3933	   0.24148
3934	   0.24155
3935	   0.24162
3936	   0.24169
3937	   0.24175
3938	   0.24181
3939	   0.24187
3940	   0.24193
3941	   0.24198
3942	   0.24203
3943	   0.24207
3944	   0.24212
3945	   0.24216
3946	   0.24220
3947	   0.24223
3948	   0.24226
3949	   0.24229
3950	   0.24232
3951	   0.24235
3952	   0.24237
3953	   0.24239
3954	   0.24241
3955	   0.24242
3956	   0.24243
3957	   0.24245
3958	   0.24246
3959	   0.24246
3960	   0.24247
3961	   0.24247
3962	   0.24247
3963	   0.24247
3964	   0.24247
3965	   0.24246
3966	   0.24246
3967	   0.24245
3968	   0.24244
3969	   0.24243
3970	   0.24242
3971	   0.24241
3972	   0.24239
3973	   0.24237
3974	   0.24236
3975	   0.24234
3976	   0.24232
3977	   0.24230
3978	   0.24227
3979	   0.24225
3980	   0.24223
3981	   0.24220
3982	   0.24217
3983	   0.24215
3984	   0.24212
3985	   0.24209
3986	   0.24206
3987	   0.24203
3988	   0.24200
3989	   0.24197
3990	   0.24194
3991	   0.24190
3992	   0.24187
3993	   0.24184
3994	   0.24181
3995	   0.24177
3996	   0.24174
3997	   0.24171
3998	   0.24167
3999	   0.24164
4000	   0.24160
4001	   0.24157
4002	   0.24154
4003	   0.24150
4004	   0.24147
4005	   0.24144
4006	   0.24140
4007	   0.24137
4008	   0.24134
4009	   0.24131
4010	   0.24128
4011	   0.24125
4012	   0.24122
4013	   0.24119
4014	   0.24116
4015	   0.24113
4016	   0.24110
4017	   0.24108
4018	   0.24105
4019	   0.24103
4020	   0.24100
4021	   0.24098
4022	   0.24096
4023	   0.24094
4024	   0.24092
4025	   0.24091
4026	   0.24089
4027	   0.24087
4028	   0.24086
4029	   0.24085
4030	   0.24084
4031	   0.24083
4032	   0.24082
4033	   0.24082
4034	   0.24081
4035	   0.24081
4036	   0.24081
4037	   0.24081
4038	   0.24082
4039	   0.24082
4040	   0.24083
4041	   0.24084
4042	   0.24085
4043	   0.24087
4044	   0.24088
4045	   0.24090
4046	   0.24092
4047	   0.24094
4048	   0.24097
4049	   0.24100
4050	   0.24103
4051	   0.24106
4052	   0.24110
4053	   0.24114
4054	   0.24118
4055	   0.24122
4056	   0.24127
4057	   0.24132
4058	   0.24137
4059	   0.24143
4060	   0.24148
4061	   0.24154
4062	   0.24161
4063	   0.24167
4064	   0.24174
4065	   0.24181
4066	   0.24189
4067	   0.24196
4068	   0.24204
4069	   0.24213
4070	   0.24221
4071	   0.24230
4072	   0.24238
4073	   0.24247
4074	   0.24257
4075	   0.24266
4076	   0.24276
4077	   0.24286
4078	   0.24296
4079	   0.24307
4080	   0.24317
4081	   0.24328
4082	   0.24339
4083	   0.24350
4084	   0.24362
4085	   0.24373
4086	   0.24385
4087	   0.24397
4088	   0.24409
4089	   0.24422
4090	   0.24434
4091	   0.24447
4092	   0.24460
4093	   0.24473
4094	   0.24486
4095	   0.24499
4096	   0.24512
4097	   0.24526
4098	   0.24540
4099	   0.24554
4100	   0.24568
4101	   0.24582
4102	   0.24596
4103	   0.24611
4104	   0.24625
4105	   0.24640
4106	   0.24655
4107	   0.24670
4108	   0.24685
4109	   0.24700
4110	   0.24715
4111	   0.24730
4112	   0.24746
4113	   0.24761
4114	   0.24777
4115	   0.24792
4116	   0.24808
4117	   0.24824
4118	   0.24840
4119	   0.24856
4120	   0.24872
4121	   0.24888
4122	   0.24904
4123	   0.24921
4124	   0.24937
4125	   0.24953
4126	   0.24970
4127	   0.24986
4128	   0.25003
4129	   0.25019
4130	   0.25036
4131	   0.25052
4132	   0.25069
4133	   0.25086
4134	   0.25102
4135	   0.25119
4136	   0.25136
4137	   0.25152
4138	   0.25169
4139	   0.25186
4140	   0.25202
4141	   0.25219
4142	   0.25236
4143	   0.25252
4144	   0.25269
4145	   0.25286
4146	   0.25302
4147	   0.25319
4148	   0.25335
4149	   0.25352
4150	   0.25368
4151	   0.25385
4152	   0.25401
4153	   0.25418
4154	   0.25434
4155	   0.25450
4156	   0.25466
4157	   0.25483
4158	   0.25499
4159	   0.25515
4160	   0.25531
4161	   0.25547
4162	   0.25562
4163	   0.25578
4164	   0.25594
4165	   0.25609
4166	   0.25625
4167	   0.25640
4168	   0.25655
4169	   0.25670
4170	   0.25685
4171	   0.25700
4172	   0.25715
4173	   0.25730
4174	   0.25745
4175	   0.25759
4176	   0.25773
4177	   0.25788
4178	   0.25802
4179	   0.25816
4180	   0.25829
4181	   0.25843
4182	   0.25857
4183	   0.25870
4184	   0.25883
4185	   0.25896
4186	   0.25909
4187	   0.25922
4188	   0.25934
4189	   0.25947
4190	   0.25959
4191	   0.25971
4192	   0.25983
4193	   0.25994
4194	   0.26006
4195	   0.26017
4196	   0.26028
4197	   0.26039
4198	   0.26050
4199	   0.26060
4200	   0.26071
4201	   0.26081
4202	   0.26090
4203	   0.26100
4204	   0.26109
4205	   0.26119
4206	   0.26128
4207	   0.26136
4208	   0.26145
4209	   0.26153
4210	   0.26161
4211	   0.26169
4212	   0.26176
4213	   0.26183
4214	   0.26190
4215	   0.26197
4216	   0.26203
4217	   0.26210
4218	   0.26216
4219	   0.26221
4220	   0.26226
4221	   0.26232
4222	   0.26236
4223	   0.26241
4224	   0.26245
4225	   0.26249
4226	   0.26252
4227	   0.26256
4228	   0.26259
4229	   0.26261
4230	   0.26264
4231	   0.26266
4232	   0.26268
4233	   0.26269
4234	   0.26270
4235	   0.26271
4236	   0.26271
4237	   0.26271
4238	   0.26271
4239	   0.26270
4240	   0.26269
4241	   0.26268
4242	   0.26266
4243	   0.26264
4244	   0.26262
4245	   0.26259
4246	   0.26256
4247	   0.26252
4248	   0.26248
4249	   0.26244
4250	   0.26240
4251	   0.26235
4252	   0.26229
4253	   0.26223
4254	   0.26217
4255	   0.26211
4256	   0.26204
4257	   0.26197
4258	   0.26189
4259	   0.26181
4260	   0.26173
4261	   0.26165
4262	   0.26156
4263	   0.26147
4264	   0.26137
4265	   0.26127
4266	   0.26117
4267	   0.26107
4268	   0.26096
4269	   0.26085
4270	   0.26073
4271	   0.26062
4272	   0.26050
4273	   0.26037
4274	   0.26025
4275	   0.26012
4276	   0.25999
4277	   0.25986
4278	   0.25972
4279	   0.25958
4280	   0.25944
4281	   0.25929
4282	   0.25915
4283	   0.25900
4284	   0.25885
4285	   0.25869
4286	   0.25854
4287	   0.25838
4288	   0.25822
4289	   0.25805
4290	   0.25789
4291	   0.25772
4292	   0.25755
4293	   0.25738
4294	   0.25720
4295	   0.25702
4296	   0.25685
4297	   0.25667
4298	   0.25648
4299	   0.25630
4300	   0.25611
4301	   0.25593
4302	   0.25574
4303	   0.25554
4304	   0.25535
4305	   0.25516
4306	   0.25496
4307	   0.25476
4308	   0.25456
4309	   0.25436
4310	   0.25416
4311	   0.25395
4312	   0.25375
4313	   0.25354
4314	   0.25333
4315	   0.25312
4316	   0.25291
4317	   0.25270
4318	   0.25249
4319	   0.25227
4320	   0.25206
4321	   0.25184
4322	   0.25163
4323	   0.25141
4324	   0.25119
4325	   0.25097
4326	   0.25075
4327	   0.25052
4328	   0.25030
4329	   0.25008
4330	   0.24985
4331	   0.24963
4332	   0.24940
4333	   0.24918
4334	   0.24895
4335	   0.24872
4336	   0.24850
4337	   0.24827
4338	   0.24804
4339	   0.24781
4340	   0.24758
4341	   0.24735
4342	   0.24712
4343	   0.24689
4344	   0.24666
4345	   0.24643
4346	   0.24620
4347	   0.24597
4348	   0.24574
4349	   0.24551
4350	   0.24528
4351	   0.24505
4352	   0.24482
4353	   0.24459
4354	   0.24436
4355	   0.24413
4356	   0.24390
4357	   0.24367
4358	   0.24344
4359	   0.24321
4360	   0.24298
4361	   0.24276
4362	   0.24253
4363	   0.24230
4364	   0.24208
4365	   0.24185
4366	   0.24163
4367	   0.24140
4368	   0.24118
4369	   0.24096
4370	   0.24074
4371	   0.24052
4372	   0.24030
4373	   0.24008
4374	   0.23986
4375	   0.23964
4376	   0.23943
4377	   0.23921
4378	   0.23900
4379	   0.23878
4380	   0.23857
4381	   0.23836
4382	   0.23815
4383	   0.23795
4384	   0.23774
4385	   0.23753
4386	   0.23733
4387	   0.23713
4388	   0.23693
4389	   0.23673
4390	   0.23653
4391	   0.23634
4392	   0.23614
4393	   0.23595
4394	   0.23576
4395	   0.23557
4396	   0.23538
4397	   0.23520
4398	   0.23501
4399	   0.23483
4400	   0.23465
4401	   0.23447
4402	   0.23430
4403	   0.23412
4404	   0.23395
4405	   0.23378
4406	   0.23362
4407	   0.23345
4408	   0.23329
4409	   0.23313
4410	   0.23297
4411	   0.23281
4412	   0.23266
4413	   0.23251
4414	   0.23236
4415	   0.23222
4416	   0.23207
4417	   0.23193
4418	   0.23179
4419	   0.23166
4420	   0.23153
4421	   0.23140
4422	   0.23127
4423	   0.23114
4424	   0.23102
4425	   0.23090
4426	   0.23079
4427	   0.23068
4428	   0.23057
4429	   0.23046
4430	   0.23036
4431	   0.23026
4432	   0.23016
4433	   0.23007
4434	   0.22997
4435	   0.22989
4436	   0.22980
4437	   0.22972
4438	   0.22964
4439	   0.22957
4440	   0.22950
4441	   0.22943
4442	   0.22937
4443	   0.22931
4444	   0.22925
4445	   0.22920
4446	   0.22915
4447	   0.22910
4448	   0.22906
4449	   0.22902
4450	   0.22898
4451	   0.22895
4452	   0.22892
4453	   0.22890
4454	   0.22887
4455	   0.22885
4456	   0.22883
4457	   0.22882
4458	   0.22881
4459	   0.22880
4460	   0.22880
4461	   0.22879
4462	   0.22879
4463	   0.22880
4464	   0.22881
4465	   0.22882
4466	   0.22883
4467	   0.22884
4468	   0.22886
4469	   0.22888
4470	   0.22891
4471	   0.22893
4472	   0.22896
4473	   0.22900
4474	   0.22903
4475	   0.22907
4476	   0.22911
4477	   0.22915
4478	   0.22920
4479	   0.22924
4480	   0.22930
4481	   0.22935
4482	   0.22940
4483	   0.22946
4484	   0.22952
4485	   0.22958
4486	   0.22965
4487	   0.22972
4488	   0.22979
4489	   0.22986
4490	   0.22993
4491	   0.23001
4492	   0.23009
4493	   0.23017
4494	   0.23025
4495	   0.23034
4496	   0.23043
4497	   0.23052
4498	   0.23061
4499	   0.23070
4500	   0.23080
4501	   0.23090
4502	   0.23100
4503	   0.23110
4504	   0.23120
4505	   0.23131
4506	   0.23142
4507	   0.23153
4508	   0.23164
4509	   0.23175
4510	   0.23187
4511	   0.23198
4512	   0.23210
4513	   0.23222
4514	   0.23234
4515	   0.23247
4516	   0.23259
4517	   0.23272
4518	   0.23285
4519	   0.23298
4520	   0.23311
4521	   0.23324
4522	   0.23338
4523	   0.23351
4524	   0.23365
4525	   0.23379
4526	   0.23393
4527	   0.23407
4528	   0.23421
4529	   0.23436
4530	   0.23450
4531	   0.23465
4532	   0.23480
4533	   0.23494
4534	   0.23510
4535	   0.23525
4536	   0.23540
4537	   0.23555
4538	   0.23571
4539	   0.23586
4540	   0.23602
4541	   0.23618
4542	   0.23634
4543	   0.23650
4544	   0.23666
4545	   0.23682
4546	   0.23698
4547	   0.23715
4548	   0.23731
4549	   0.23748
4550	   0.23764
4551	   0.23781
4552	   0.23798
4553	   0.23814
4554	   0.23831
4555	   0.23848
4556	   0.23865
4557	   0.23882
4558	   0.23899
4559	   0.23917
4560	   0.23934
4561	   0.23951
4562	   0.23968
4563	   0.23986
4564	   0.24003
4565	   0.24021
4566	   0.24038
4567	   0.24056
4568	   0.24073
4569	   0.24091
4570	   0.24109
4571	   0.24126
4572	   0.24144
4573	   0.24162
4574	   0.24179
4575	   0.24197
4576	   0.24215
4577	   0.24233
4578	   0.24250
4579	   0.24268
4580	   0.24286
4581	   0.24304
4582	   0.24321
4583	   0.24339
4584	   0.24357
4585	   0.24375
4586	   0.24393
4587	   0.24410
4588	   0.24428
4589	   0.24446
4590	   0.24463
4591	   0.24481
4592	   0.24499
4593	   0.24516
4594	   0.24534
4595	   0.24551
4596	   0.24569
4597	   0.24586
4598	   0.24604
4599	   0.24621
4600	   0.24638
4601	   0.24656
4602	   0.24673
4603	   0.24690
4604	   0.24707
4605	   0.24724
4606	   0.24741
4607	   0.24758
4608	   0.24775
4609	   0.24792
4610	   0.24809
4611	   0.24825
4612	   0.24842
4613	   0.24858
4614	   0.24875
4615	   0.24891
4616	   0.24907
4617	   0.24923
4618	   0.24940
4619	   0.24956
4620	   0.24971
4621	   0.24987
4622	   0.25003
4623	   0.25018
4624	   0.25034
4625	   0.25049
4626	   0.25064
4627	   0.25080
4628	   0.25095
4629	   0.25110
4630	   0.25124
4631	   0.25139
4632	   0.25153
4633	   0.25168
4634	   0.25182
4635	   0.25196
4636	   0.25210
4637	   0.25224
4638	   0.25238
4639	   0.25251
4640	   0.25265
4641	   0.25278
4642	   0.25292
4643	   0.25305
4644	   0.25318
4645	   0.25331
4646	   0.25343
4647	   0.25356
4648	   0.25368
4649	   0.25381
4650	   0.25393
4651	   0.25405
4652	   0.25417
4653	   0.25429
4654	   0.25441
4655	   0.25453
4656	   0.25464
4657	   0.25475
4658	   0.25487
4659	   0.25498
4660	   0.25509
4661	   0.25520
4662	   0.25531
4663	   0.25541
4664	   0.25552
4665	   0.25562
4666	   0.25573
4667	   0.25583
4668	   0.25593
4669	   0.25603
4670	   0.25613
4671	   0.25623
4672	   0.25633
4673	   0.25642
4674	   0.25651
4675	   0.25661
4676	   0.25670
4677	   0.25679
4678	   0.25688
4679	   0.25697
4680	   0.25706
4681	   0.25714
4682	   0.25723
4683	   0.25731
4684	   0.25740
4685	   0.25748
4686	   0.25756
4687	   0.25764
4688	   0.25772
4689	   0.25780
4690	   0.25787
4691	   0.25795
4692	   0.25802
4693	   0.25810
4694	   0.25817
4695	   0.25824
4696	   0.25831
4697	   0.25838
4698	   0.25845
4699	   0.25852
4700	   0.25858
4701	   0.25865
4702	   0.25871
4703	   0.25877
4704	   0.25884
4705	   0.25890
4706	   0.25896
4707	   0.25902
4708	   0.25907
4709	   0.25913
4710	   0.25919
4711	   0.25924
4712	   0.25930
4713	   0.25935
4714	   0.25940
4715	   0.25945
4716	   0.25950
4717	   0.25955
4718	   0.25960
4719	   0.25965
4720	   0.25969
4721	   0.25974
4722	   0.25978
4723	   0.25983
4724	   0.25987
4725	   0.25991
4726	   0.25995
4727	   0.25999
4728	   0.26003
4729	   0.26007
4730	   0.26010
4731	   0.26014
4732	   0.26018
4733	   0.26021
4734	   0.26024
4735	   0.26028
4736	   0.26031
4737	   0.26034
4738	   0.26037
4739	   0.26040
4740	   0.26042
4741	   0.26045
4742	   0.26048
4743	   0.26050
4744	   0.26053
4745	   0.26055
4746	   0.26057
4747	   0.26060
4748	   0.26062
4749	   0.26064
4750	   0.26066
4751	   0.26067
4752	   0.26069
4753	   0.26071
4754	   0.26072
4755	   0.26074
4756	   0.26075
4757	   0.26077
4758	   0.26078
4759	   0.26079
4760	   0.26080
4761	   0.26081
4762	   0.26082
4763	   0.26083
4764	   0.26084
4765	   0.26085
4766	   0.26085
4767	   0.26086
4768	   0.26086
4769	   0.26087
4770	   0.26087
4771	   0.26087
4772	   0.26088
4773	   0.26088
4774	   0.26088
4775	   0.26088
4776	   0.26088
4777	   0.26087
4778	   0.26087
4779	   0.26087
4780	   0.26086
4781	   0.26086
4782	   0.26085
4783	   0.26085
4784	   0.26084
4785	   0.26083
4786	   0.26082
4787	   0.26081
4788	   0.26080
4789	   0.26079
4790	   0.26078
4791	   0.26077
4792	   0.26076
4793	   0.26074
4794	   0.26073
4795	   0.26072
4796	   0.26070
4797	   0.26068
4798	   0.26067
4799	   0.26065
4800	   0.26063
4801	   0.26061
4802	   0.26059
4803	   0.26057
4804	   0.26055
4805	   0.26053
4806	   0.26051
4807	   0.26049
4808	   0.26047
4809	   0.26044
4810	   0.26042
4811	   0.26039
4812	   0.26037
4813	   0.26034
4814	   0.26031
4815	   0.26029
4816	   0.26026
4817	   0.26023
4818	   0.26020
4819	   0.26017
4820	   0.26014
4821	   0.26011
4822	   0.26008
4823	   0.26005
4824	   0.26002
4825	   0.25998
4826	   0.25995
4827	   0.25992
4828	   0.25988
4829	   0.25985
4830	   0.25981
4831	   0.25977
4832	   0.25974
4833	   0.25970
4834	   0.25966
4835	   0.25962
4836	   0.25958
4837	   0.25954
4838	   0.25951
4839	   0.25946
4840	   0.25942
4841	   0.25938
4842	   0.25934
4843	   0.25930
4844	   0.25925
4845	   0.25921
4846	   0.25917
4847	   0.25912
4848	   0.25908
4849	   0.25903
4850	   0.25899
4851	   0.25894
4852	   0.25889
4853	   0.25885
4854	   0.25880
4855	   0.25875
4856	   0.25870
4857	   0.25865
4858	   0.25860
4859	   0.25855
4860	   0.25850
4861	   0.25845
4862	   0.25840
4863	   0.25835
4864	   0.25829
4865	   0.25824
4866	   0.25819
4867	   0.25813
4868	   0.25808
4869	   0.25802
4870	   0.25797
4871	   0.25791
4872	   0.25786
4873	   0.25780
4874	   0.25774
4875	   0.25769
4876	   0.25763
4877	   0.25757
4878	   0.25751
4879	   0.25745
4880	   0.25739
4881	   0.25733
4882	   0.25727
4883	   0.25721
4884	   0.25715
4885	   0.25709
4886	   0.25703
4887	   0.25697
4888	   0.25691
4889	   0.25684
4890	   0.25678
4891	   0.25672
4892	   0.25665
4893	   0.25659
4894	   0.25652
4895	   0.25646
4896	   0.25639
4897	   0.25633
4898	   0.25626
4899	   0.25620
4900	   0.25613
4901	   0.25606
4902	   0.25599
4903	   0.25593
4904	   0.25586
4905	   0.25579
4906	   0.25572
4907	   0.25565
4908	   0.25558
4909	   0.25551
4910	   0.25544
4911	   0.25537
4912	   0.25530
4913	   0.25523
4914	   0.25516
4915	   0.25509
4916	   0.25502
4917	   0.25495
4918	   0.25487
4919	   0.25480
4920	   0.25473
4921	   0.25465
4922	   0.25458
4923	   0.25451
4924	   0.25443
4925	   0.25436
4926	   0.25428
4927	   0.25421
4928	   0.25413
4929	   0.25406
4930	   0.25398
4931	   0.25391
4932	   0.25383
4933	   0.25375
4934	   0.25368
4935	   0.25360
4936	   0.25352
4937	   0.25344
4938	   0.25337
4939	   0.25329
4940	   0.25321
4941	   0.25313
4942	   0.25305
4943	   0.25297
4944	   0.25289
4945	   0.25282
4946	   0.25274
4947	   0.25266
4948	   0.25258
4949	   0.25250
4950	   0.25242
4951	   0.25233
4952	   0.25225
4953	   0.25217
4954	   0.25209
4955	   0.25201
4956	   0.25193
4957	   0.25185
4958	   0.25177
4959	   0.25168
4960	   0.25160
4961	   0.25152
4962	   0.25144
4963	   0.25135
4964	   0.25127
4965	   0.25119
4966	   0.25110
4967	   0.25102
4968	   0.25094
4969	   0.25085
4970	   0.25077
4971	   0.25068
4972	   0.25060
4973	   0.25052
4974	   0.25043
4975	   0.25035
4976	   0.25026
4977	   0.25018
4978	   0.25009
4979	   0.25001
4980	   0.24992
4981	   0.24984
4982	   0.24975
4983	   0.24967
4984	   0.24958
4985	   0.24949
4986	   0.24941
4987	   0.24932
4988	   0.24924
4989	   0.24915
4990	   0.24906
4991	   0.24898
4992	   0.24889
4993	   0.24880
4994	   0.24872
4995	   0.24863
4996	   0.24854
4997	   0.24846
4998	   0.24837
4999	   0.24828
5000	   0.24820
5001	   0.24811
5002	   0.24802
5003	   0.24793
5004	   0.24785
5005	   0.24776
5006	   0.24767
5007	   0.24758
5008	   0.24750
5009	   0.24741
5010	   0.24732
5011	   0.24723
5012	   0.24715
5013	   0.24706
5014	   0.24697
5015	   0.24688
5016	   0.24680
5017	   0.24671
5018	   0.24662
5019	   0.24653
5020	   0.24644
5021	   0.24636
5022	   0.24627
5023	   0.24618
5024	   0.24609
5025	   0.24601
5026	   0.24592
5027	   0.24583
5028	   0.24574
5029	   0.24566
5030	   0.24557
5031	   0.24548
5032	   0.24539
5033	   0.24531
5034	   0.24522
5035	   0.24513
5036	   0.24505
5037	   0.24496
5038	   0.24487
5039	   0.24479
5040	   0.24470
5041	   0.24461
5042	   0.24453
5043	   0.24444
5044	   0.24436
5045	   0.24427
5046	   0.24418
5047	   0.24410
5048	   0.24401
5049	   0.24393
5050	   0.24384
5051	   0.24376
5052	   0.24368
5053	   0.24359
5054	   0.24351
5055	   0.24342
5056	   0.24334
5057	   0.24326
5058	   0.24318
5059	   0.24309
5060	   0.24301
5061	   0.24293
5062	   0.24285
5063	   0.24277
5064	   0.24268
5065	   0.24260
5066	   0.24252
5067	   0.24244
5068	   0.24236
5069	   0.24228
5070	   0.24220
5071	   0.24213
5072	   0.24205
5073	   0.24197
5074	   0.24189
5075	   0.24181
5076	   0.24174
5077	   0.24166
5078	   0.24158
5079	   0.24151
5080	   0.24143
5081	   0.24136
5082	   0.24128
5083	   0.24121
5084	   0.24113
5085	   0.24106
5086	   0.24099
5087	   0.24091
5088	   0.24084
5089	   0.24077
5090	   0.24070
5091	   0.24063
5092	   0.24056
5093	   0.24049
5094	   0.24042
5095	   0.24035
5096	   0.24028
5097	   0.24021
5098	   0.24015
5099	   0.24008
5100	   0.24001
5101	   0.23995
5102	   0.23988
5103	   0.23982
5104	   0.23975
5105	   0.23969
5106	   0.23963
5107	   0.23957
5108	   0.23950
5109	   0.23944
5110	   0.23938
5111	   0.23932
5112	   0.23926
5113	   0.23920
5114	   0.23915
5115	   0.23909
5116	   0.23903
5117	   0.23898
5118	   0.23892
5119	   0.23887
5120	   0.23881
5121	   0.23876
5122	   0.23871
5123	   0.23865
5124	   0.23860
5125	   0.23855
5126	   0.23850
5127	   0.23845
5128	   0.23840
5129	   0.23835
5130	   0.23831
5131	   0.23826
5132	   0.23821
5133	   0.23817
5134	   0.23813
5135	   0.23808
5136	   0.23804
5137	   0.23800
5138	   0.23796
5139	   0.23792
5140	   0.23788
5141	   0.23784
5142	   0.23780
5143	   0.23776
5144	   0.23773
5145	   0.23769
5146	   0.23766
5147	   0.23762
5148	   0.23759
5149	   0.23756
5150	   0.23753
5151	   0.23750
5152	   0.23747
5153	   0.23744
5154	   0.23741
5155	   0.23738
5156	   0.23736
5157	   0.23733
5158	   0.23731
5159	   0.23728
5160	   0.23726
5161	   0.23724
5162	   0.23722
5163	   0.23720
5164	   0.23718
5165	   0.23716
5166	   0.23715
5167	   0.23713
5168	   0.23712
5169	   0.23710
5170	   0.23709
5171	   0.23708
5172	   0.23707
5173	   0.23706
5174	   0.23705
5175	   0.23704
5176	   0.23704
5177	   0.23703
5178	   0.23703
5179	   0.23702
5180	   0.23702
5181	   0.23702
5182	   0.23702
5183	   0.23702
5184	   0.23702
5185	   0.23703
5186	   0.23703
5187	   0.23703
5188	   0.23704
5189	   0.23705
5190	   0.23706
5191	   0.23707
5192	   0.23708
5193	   0.23709
5194	   0.23710
5195	   0.23712
5196	   0.23713
5197	   0.23715
5198	   0.23717
5199	   0.23719
5200	   0.23721
5201	   0.23723
5202	   0.23725
5203	   0.23727
5204	   0.23730
5205	   0.23732
5206	   0.23735
5207	   0.23738
5208	   0.23741
5209	   0.23744
5210	   0.23747
5211	   0.23751
5212	   0.23754
5213	   0.23758
5214	   0.23762
5215	   0.23765
5216	   0.23769
5217	   0.23773
5218	   0.23777
5219	   0.23782
5220	   0.23786
5221	   0.23791
5222	   0.23795
5223	   0.23800
5224	   0.23804
5225	   0.23809
5226	   0.23814
5227	   0.23819
5228	   0.23824
5229	   0.23829
5230	   0.23835
5231	   0.23840
5232	   0.23845
5233	   0.23851
5234	   0.23856
5235	   0.23862
5236	   0.23867
5237	   0.23873
5238	   0.23879
5239	   0.23885
5240	   0.23891
5241	   0.23897
5242	   0.23903
5243	   0.23909
5244	   0.23915
5245	   0.23921
5246	   0.23927
5247	   0.23933
5248	   0.23939
5249	   0.23946
5250	   0.23952
5251	   0.23958
5252	   0.23965
5253	   0.23971
5254	   0.23977
5255	   0.23984
5256	   0.23990
5257	   0.23997
5258	   0.24003
5259	   0.24010
5260	   0.24016
5261	   0.24023
5262	   0.24029
5263	   0.24036
5264	   0.24043
5265	   0.24049
5266	   0.24056
5267	   0.24062
5268	   0.24069
5269	   0.24075
5270	   0.24082
5271	   0.24088
5272	   0.24095
5273	   0.24101
5274	   0.24108
5275	   0.24114
5276	   0.24120
5277	   0.24127
5278	   0.24133
5279	   0.24139
5280	   0.24146
5281	   0.24152
5282	   0.24158
5283	   0.24164
5284	   0.24170
5285	   0.24176
5286	   0.24182
5287	   0.24188
5288	   0.24194
5289	   0.24200
5290	   0.24206
5291	   0.24212
5292	   0.24217
5293	   0.24223
5294	   0.24228
5295	   0.24234
5296	   0.24239
5297	   0.24245
5298	   0.24250
5299	   0.24255
5300	   0.24260
5301	   0.24265
5302	   0.24270
5303	   0.24275
5304	   0.24280
5305	   0.24284
5306	   0.24289
5307	   0.24293
5308	   0.24298
5309	   0.24302
5310	   0.24306
5311	   0.24310
5312	   0.24314
5313	   0.24318
5314	   0.24322
5315	   0.24326
5316	   0.24329
5317	   0.24333
5318	   0.24336
5319	   0.24339
5320	   0.24342
5321	   0.24345
5322	   0.24348
5323	   0.24351
5324	   0.24353
5325	   0.24355
5326	   0.24358
5327	   0.24360
5328	   0.24362
5329	   0.24364
5330	   0.24365
5331	   0.24367
5332	   0.24368
5333	   0.24370
5334	   0.24371
5335	   0.24372
5336	   0.24372
5337	   0.24373
5338	   0.24373
5339	   0.24374
5340	   0.24374
5341	   0.24374
5342	   0.24373
5343	   0.24373
5344	   0.24372
5345	   0.24372
5346	   0.24371
5347	   0.24370
5348	   0.24368
5349	   0.24367
5350	   0.24365
5351	   0.24363
5352	   0.24361
5353	   0.24359
5354	   0.24356
5355	   0.24353
5356	   0.24351
5357	   0.24347
5358	   0.24344
5359	   0.24341
5360	   0.24337
5361	   0.24333
5362	   0.24329
5363	   0.24324
5364	   0.24320
5365	   0.24315
5366	   0.24310
5367	   0.24304
5368	   0.24299
5369	   0.24293
5370	   0.24287
5371	   0.24281
5372	   0.24274
5373	   0.24268
5374	   0.24261
5375	   0.24254
5376	   0.24246
5377	   0.24238
5378	   0.24230
5379	   0.24222
5380	   0.24214
5381	   0.24205
5382	   0.24196
5383	   0.24187
5384	   0.24177
5385	   0.24167
5386	   0.24157
5387	   0.24147
5388	   0.24136
5389	   0.24125
5390	   0.24114
5391	   0.24103
5392	   0.24091
5393	   0.24079
5394	   0.24066
5395	   0.24054
5396	   0.24041
5397	   0.24028
5398	   0.24014
5399	   0.24000
5400	   0.23986
5401	   0.23972
5402	   0.23957
5403	   0.23942
5404	   0.23927
5405	   0.23911
5406	   0.23895
5407	   0.23879
5408	   0.23862
5409	   0.23846
5410	   0.23828
5411	   0.23811
5412	   0.23793
5413	   0.23775
5414	   0.23757
5415	   0.23739
5416	   0.23720
5417	   0.23701
5418	   0.23681
5419	   0.23662
5420	   0.23642
5421	   0.23622
5422	   0.23601
5423	   0.23581
5424	   0.23560
5425	   0.23538
5426	   0.23517
5427	   0.23495
5428	   0.23473
5429	   0.23451
5430	   0.23428
5431	   0.23405
5432	   0.23382
5433	   0.23359
5434	   0.23336
5435	   0.23312
5436	   0.23288
5437	   0.23264
5438	   0.23239
5439	   0.23214
5440	   0.23189
5441	   0.23164
5442	   0.23139
5443	   0.23113
5444	   0.23087
5445	   0.23061
5446	   0.23035
5447	   0.23008
5448	   0.22981
5449	   0.22954
5450	   0.22927
5451	   0.22900
5452	   0.22872
5453	   0.22844
5454	   0.22816
5455	   0.22788
5456	   0.22759
5457	   0.22731
5458	   0.22702
5459	   0.22673
5460	   0.22643
5461	   0.22614
5462	   0.22584
5463	   0.22554
5464	   0.22524
5465	   0.22494
5466	   0.22463
5467	   0.22432
5468	   0.22402
5469	   0.22371
5470	   0.22339
5471	   0.22308
5472	   0.22276
5473	   0.22245
5474	   0.22213
5475	   0.22181
5476	   0.22148
5477	   0.22116
5478	   0.22083
5479	   0.22050
5480	   0.22017
5481	   0.21984
5482	   0.21951
5483	   0.21917
5484	   0.21884
5485	   0.21850
5486	   0.21816
5487	   0.21782
5488	   0.21748
5489	   0.21713
5490	   0.21679
5491	   0.21644
5492	   0.21609
5493	   0.21575
5494	   0.21539
5495	   0.21504
5496	   0.21469
5497	   0.21433
5498	   0.21398
5499	   0.21362
5500	   0.21326
5501	   0.21290
5502	   0.21254
5503	   0.21218
5504	   0.21181
5505	   0.21145
5506	   0.21108
5507	   0.21071
5508	   0.21034
5509	   0.20997
5510	   0.20960
5511	   0.20923
5512	   0.20886
5513	   0.20848
5514	   0.20811
5515	   0.20773
5516	   0.20735
5517	   0.20698
5518	   0.20660
5519	   0.20622
5520	   0.20583
5521	   0.20545
5522	   0.20507
5523	   0.20468
5524	   0.20430
5525	   0.20391
5526	   0.20353
5527	   0.20314
5528	   0.20275
5529	   0.20236
5530	   0.20197
5531	   0.20158
5532	   0.20119
5533	   0.20080
5534	   0.20041
5535	   0.20001
5536	   0.19962
5537	   0.19922
5538	   0.19883
5539	   0.19843
5540	   0.19804
5541	   0.19764
5542	   0.19724
5543	   0.19684
5544	   0.19645
5545	   0.19605
5546	   0.19565
5547	   0.19525
5548	   0.19485
5549	   0.19445
5550	   0.19404
5551	   0.19364
5552	   0.19324
5553	   0.19284
5554	   0.19243
5555	   0.19203
5556	   0.19163
5557	   0.19122
5558	   0.19082
5559	   0.19042
5560	   0.19001
5561	   0.18961
5562	   0.18920
5563	   0.18880
5564	   0.18839
5565	   0.18799
5566	   0.18758
5567	   0.18717
5568	   0.18677
5569	   0.18636
5570	   0.18596
5571	   0.18555
5572	   0.18515
5573	   0.18474
5574	   0.18433
5575	   0.18393
5576	   0.18352
5577	   0.18312
5578	   0.18271
5579	   0.18230
5580	   0.18190
5581	   0.18149
5582	   0.18109
5583	   0.18068
5584	   0.18028
5585	   0.17987
5586	   0.17947
5587	   0.17907
5588	   0.17866
5589	   0.17826
5590	   0.17785
5591	   0.17745
5592	   0.17705
5593	   0.17665
5594	   0.17624
5595	   0.17584
5596	   0.17544
5597	   0.17504
5598	   0.17464
5599	   0.17424
5600	   0.17384
5601	   0.17344
5602	   0.17304
5603	   0.17264
5604	   0.17225
5605	   0.17185
5606	   0.17145
5607	   0.17105
5608	   0.17066
5609	   0.17026
5610	   0.16987
5611	   0.16947
5612	   0.16908
5613	   0.16868
5614	   0.16829
5615	   0.16790
5616	   0.16750
5617	   0.16711
5618	   0.16672
5619	   0.16633
5620	   0.16594
5621	   0.16555
5622	   0.16516
5623	   0.16477
5624	   0.16438
5625	   0.16400
5626	   0.16361
5627	   0.16322
5628	   0.16284
5629	   0.16245
5630	   0.16207
5631	   0.16168
5632	   0.16130
5633	   0.16091
5634	   0.16053
5635	   0.16015
5636	   0.15977
5637	   0.15939
5638	   0.15901
5639	   0.15863
5640	   0.15825
5641	   0.15787
5642	   0.15750
5643	   0.15712
5644	   0.15674
5645	   0.15637
5646	   0.15599
5647	   0.15562
5648	   0.15525
5649	   0.15487
5650	   0.15450
5651	   0.15413
5652	   0.15376
5653	   0.15339
5654	   0.15302
5655	   0.15265
5656	   0.15229
5657	   0.15192
5658	   0.15155
5659	   0.15119
5660	   0.15082
5661	   0.15046
5662	   0.15010
5663	   0.14974
5664	   0.14938
5665	   0.14902
5666	   0.14866
5667	   0.14830
5668	   0.14794
5669	   0.14758
5670	   0.14723
5671	   0.14687
5672	   0.14652
5673	   0.14616
5674	   0.14581
5675	   0.14546
5676	   0.14511
5677	   0.14476
5678	   0.14441
5679	   0.14406
5680	   0.14371
5681	   0.14337
5682	   0.14302
5683	   0.14268
5684	   0.14233
5685	   0.14199
5686	   0.14165
5687	   0.14131
5688	   0.14097
5689	   0.14063
5690	   0.14029
5691	   0.13995
5692	   0.13962
5693	   0.13928
5694	   0.13895
5695	   0.13862
5696	   0.13829
5697	   0.13795
5698	   0.13762
5699	   0.13730
5700	   0.13697
5701	   0.13664
5702	   0.13632
5703	   0.13599
5704	   0.13567
5705	   0.13534
5706	   0.13502
5707	   0.13470
5708	   0.13438
5709	   0.13407
5710	   0.13375
5711	   0.13343
5712	   0.13312
5713	   0.13280
5714	   0.13249
5715	   0.13218
5716	   0.13187
5717	   0.13156
5718	   0.13125
5719	   0.13094
5720	   0.13064
5721	   0.13033
5722	   0.13003
5723	   0.12973
5724	   0.12943
5725	   0.12913
5726	   0.12883
5727	   0.12853
5728	   0.12824
5729	   0.12794
5730	   0.12765
5731	   0.12735
5732	   0.12706
5733	   0.12677
5734	   0.12648
5735	   0.12620
5736	   0.12591
5737	   0.12563
5738	   0.12534
5739	   0.12506
5740	   0.12478
5741	   0.12450
5742	   0.12422
5743	   0.12394
5744	   0.12367
5745	   0.12339
5746	   0.12312
5747	   0.12285
5748	   0.12258
5749	   0.12231
5750	   0.12204
5751	   0.12177
5752	   0.12151
5753	   0.12125
5754	   0.12098
5755	   0.12072
5756	   0.12046
5757	   0.12020
5758	   0.11995
5759	   0.11969
5760	   0.11944
5761	   0.11919
5762	   0.11894
5763	   0.11869
5764	   0.11844
5765	   0.11819
5766	   0.11795
5767	   0.11770
5768	   0.11746
5769	   0.11722
5770	   0.11698
5771	   0.11674
5772	   0.11651
5773	   0.11627
5774	   0.11604
5775	   0.11581
5776	   0.11557
5777	   0.11535
5778	   0.11512
5779	   0.11489
5780	   0.11467
5781	   0.11445
5782	   0.11423
5783	   0.11401
5784	   0.11379
5785	   0.11357
5786	   0.11336
5787	   0.11314
5788	   0.11293
5789	   0.11272
5790	   0.11251
5791	   0.11231
5792	   0.11210
5793	   0.11190
5794	   0.11170
5795	   0.11150
5796	   0.11130
5797	   0.11110
5798	   0.11091
5799	   0.11071
5800	   0.11052
5801	   0.11033
5802	   0.11014
5803	   0.10996
5804	   0.10977
5805	   0.10959
5806	   0.10941
5807	   0.10923
5808	   0.10905
5809	   0.10887
5810	   0.10870
5811	   0.10852
5812	   0.10835
5813	   0.10818
5814	   0.10802
5815	   0.10785
5816	   0.10769
5817	   0.10752
5818	   0.10736
5819	   0.10720
5820	   0.10705
5821	   0.10689
5822	   0.10674
5823	   0.10659
5824	   0.10644
5825	   0.10629
5826	   0.10614
5827	   0.10600
5828	   0.10586
5829	   0.10572
5830	   0.10558
5831	   0.10544
5832	   0.10531
5833	   0.10518
5834	   0.10504
5835	   0.10492
5836	   0.10479
5837	   0.10466
5838	   0.10454
5839	   0.10442
5840	   0.10430
5841	   0.10418
5842	   0.10407
5843	   0.10395
5844	   0.10384
5845	   0.10373
5846	   0.10362
5847	   0.10352
5848	   0.10341
5849	   0.10331
5850	   0.10321
5851	   0.10311
5852	   0.10302
5853	   0.10292
5854	   0.10283
5855	   0.10274
5856	   0.10266
5857	   0.10257
5858	   0.10249
5859	   0.10241
5860	   0.10233
5861	   0.10225
5862	   0.10217
5863	   0.10210
5864	   0.10203
5865	   0.10196
5866	   0.10189
5867	   0.10183
5868	   0.10177
5869	   0.10170
5870	   0.10165
5871	   0.10159
5872	   0.10154
5873	   0.10148
5874	   0.10143
5875	   0.10139
5876	   0.10134
5877	   0.10130
5878	   0.10126
5879	   0.10122
5880	   0.10118
5881	   0.10115
5882	   0.10111
5883	   0.10108
5884	   0.10105
5885	   0.10103
5886	   0.10101
5887	   0.10098
5888	   0.10097
5889	   0.10095
5890	   0.10093
5891	   0.10092
5892	   0.10091
5893	   0.10090
5894	   0.10090
5895	   0.10089
5896	   0.10089
5897	   0.10090
5898	   0.10090
5899	   0.10090
5900	   0.10091
5901	   0.10092
5902	   0.10094
5903	   0.10095
5904	   0.10097
5905	   0.10099
5906	   0.10101
5907	   0.10104
5908	   0.10106
5909	   0.10109
5910	   0.10113
5911	   0.10116
5912	   0.10120
5913	   0.10124
5914	   0.10128
5915	   0.10132
5916	   0.10137
5917	   0.10142
5918	   0.10147
5919	   0.10152
5920	   0.10158
5921	   0.10163
5922	   0.10170
5923	   0.10176
5924	   0.10182
5925	   0.10189
5926	   0.10196
5927	   0.10204
5928	   0.10211
5929	   0.10219
5930	   0.10227
5931	   0.10236
5932	   0.10244
5933	   0.10253
5934	   0.10262
5935	   0.10271
5936	   0.10281
5937	   0.10291
5938	   0.10301
5939	   0.10311
5940	   0.10322
5941	   0.10333
5942	   0.10344
5943	   0.10355
5944	   0.10367
5945	   0.10379
5946	   0.10391
5947	   0.10404
5948	   0.10416
5949	   0.10429
5950	   0.10443
5951	   0.10456
5952	   0.10470
5953	   0.10484
5954	   0.10498
5955	   0.10513
5956	   0.10528
5957	   0.10543
5958	   0.10558
5959	   0.10574
5960	   0.10590
5961	   0.10606
5962	   0.10622
5963	   0.10639
5964	   0.10656
5965	   0.10673
5966	   0.10691
5967	   0.10709
5968	   0.10727
5969	   0.10745
5970	   0.10764
5971	   0.10783
5972	   0.10802
5973	   0.10821
5974	   0.10841
5975	   0.10861
5976	   0.10882
