hourofyear	mpf
3096	   0.00024
3097	   0.00024
3098	   0.00024
3099	   0.00024
3100	   0.00024
3101	   0.00024
3102	   0.00024
3103	   0.00024
3104	   0.00024
3105	   0.00024
3106	   0.00024
3107	   0.00024
3108	   0.00024
3109	   0.00024
3110	   0.00024
3111	   0.00024
3112	   0.00024
3113	   0.00024
3114	   0.00024
3115	   0.00024
3116	   0.00024
3117	   0.00024
3118	   0.00024
3119	   0.00024
3120	   0.00000
3121	   0.00000
3122	   0.00000
3123	   0.00000
3124	   0.00000
3125	   0.00000
3126	   0.00000
3127	   0.00000
3128	   0.00000
3129	   0.00000
3130	   0.00000
3131	   0.00000
3132	   0.00000
3133	   0.00000
3134	   0.00000
3135	   0.00000
3136	   0.00000
3137	   0.00000
3138	   0.00000
3139	   0.00000
3140	   0.00000
3141	   0.00000
3142	   0.00000
3143	   0.00000
3144	   0.00000
3145	   0.00000
3146	   0.00000
3147	   0.00000
3148	   0.00000
3149	   0.00000
3150	   0.00000
3151	   0.00000
3152	   0.00000
3153	   0.00000
3154	   0.00000
3155	   0.00000
3156	   0.00000
3157	   0.00000
3158	   0.00000
3159	   0.00000
3160	   0.00000
3161	   0.00000
3162	   0.00000
3163	   0.00000
3164	   0.00000
3165	   0.00000
3166	   0.00000
3167	   0.00000
3168	   0.00000
3169	   0.00000
3170	   0.00000
3171	   0.00000
3172	   0.00000
3173	   0.00000
3174	   0.00000
3175	   0.00000
3176	   0.00000
3177	   0.00000
3178	   0.00000
3179	   0.00000
3180	   0.00000
3181	   0.00000
3182	   0.00000
3183	   0.00000
3184	   0.00000
3185	   0.00000
3186	   0.00000
3187	   0.00000
3188	   0.00000
3189	   0.00000
3190	   0.00000
3191	   0.00000
3192	   0.00000
3193	   0.00000
3194	   0.00000
3195	   0.00000
3196	   0.00000
3197	   0.00000
3198	   0.00000
3199	   0.00000
3200	   0.00000
3201	   0.00000
3202	   0.00000
3203	   0.00000
3204	   0.00000
3205	   0.00000
3206	   0.00000
3207	   0.00000
3208	   0.00000
3209	   0.00000
3210	   0.00000
3211	   0.00000
3212	   0.00000
3213	   0.00000
3214	   0.00000
3215	   0.00000
3216	   0.03081
3217	   0.03081
3218	   0.03081
3219	   0.03081
3220	   0.03081
3221	   0.03081
3222	   0.03081
3223	   0.03081
3224	   0.03081
3225	   0.03081
3226	   0.03081
3227	   0.03081
3228	   0.03081
3229	   0.03081
3230	   0.03081
3231	   0.03081
3232	   0.03081
3233	   0.03081
3234	   0.03081
3235	   0.03081
3236	   0.03081
3237	   0.03081
3238	   0.03081
3239	   0.03081
3240	   0.06403
3241	   0.06403
3242	   0.06403
3243	   0.06403
3244	   0.06403
3245	   0.06403
3246	   0.06403
3247	   0.06403
3248	   0.06403
3249	   0.06403
3250	   0.06403
3251	   0.06403
3252	   0.06403
3253	   0.06403
3254	   0.06403
3255	   0.06403
3256	   0.06403
3257	   0.06403
3258	   0.06403
3259	   0.06403
3260	   0.06403
3261	   0.06403
3262	   0.06403
3263	   0.06403
3264	   0.06886
3265	   0.06886
3266	   0.06886
3267	   0.06886
3268	   0.06886
3269	   0.06886
3270	   0.06886
3271	   0.06886
3272	   0.06886
3273	   0.06886
3274	   0.06886
3275	   0.06886
3276	   0.06886
3277	   0.06886
3278	   0.06886
3279	   0.06886
3280	   0.06886
3281	   0.06886
3282	   0.06886
3283	   0.06886
3284	   0.06886
3285	   0.06886
3286	   0.06886
3287	   0.06886
3288	   0.08279
3289	   0.08279
3290	   0.08279
3291	   0.08279
3292	   0.08279
3293	   0.08279
3294	   0.08279
3295	   0.08279
3296	   0.08279
3297	   0.08279
3298	   0.08279
3299	   0.08279
3300	   0.08279
3301	   0.08279
3302	   0.08279
3303	   0.08279
3304	   0.08279
3305	   0.08279
3306	   0.08279
3307	   0.08279
3308	   0.08279
3309	   0.08279
3310	   0.08279
3311	   0.08279
3312	   0.08245
3313	   0.08245
3314	   0.08245
3315	   0.08245
3316	   0.08245
3317	   0.08245
3318	   0.08245
3319	   0.08245
3320	   0.08245
3321	   0.08245
3322	   0.08245
3323	   0.08245
3324	   0.08245
3325	   0.08245
3326	   0.08245
3327	   0.08245
3328	   0.08245
3329	   0.08245
3330	   0.08245
3331	   0.08245
3332	   0.08245
3333	   0.08245
3334	   0.08245
3335	   0.08245
3336	   0.07693
3337	   0.07693
3338	   0.07693
3339	   0.07693
3340	   0.07693
3341	   0.07693
3342	   0.07693
3343	   0.07693
3344	   0.07693
3345	   0.07693
3346	   0.07693
3347	   0.07693
3348	   0.07693
3349	   0.07693
3350	   0.07693
3351	   0.07693
3352	   0.07693
3353	   0.07693
3354	   0.07693
3355	   0.07693
3356	   0.07693
3357	   0.07693
3358	   0.07693
3359	   0.07693
3360	   0.06321
3361	   0.06321
3362	   0.06321
3363	   0.06321
3364	   0.06321
3365	   0.06321
3366	   0.06321
3367	   0.06321
3368	   0.06321
3369	   0.06321
3370	   0.06321
3371	   0.06321
3372	   0.06321
3373	   0.06321
3374	   0.06321
3375	   0.06321
3376	   0.06321
3377	   0.06321
3378	   0.06321
3379	   0.06321
3380	   0.06321
3381	   0.06321
3382	   0.06321
3383	   0.06321
3384	   0.05451
3385	   0.05451
3386	   0.05451
3387	   0.05451
3388	   0.05451
3389	   0.05451
3390	   0.05451
3391	   0.05451
3392	   0.05451
3393	   0.05451
3394	   0.05451
3395	   0.05451
3396	   0.05451
3397	   0.05451
3398	   0.05451
3399	   0.05451
3400	   0.05451
3401	   0.05451
3402	   0.05451
3403	   0.05451
3404	   0.05451
3405	   0.05451
3406	   0.05451
3407	   0.05451
3408	   0.05251
3409	   0.05251
3410	   0.05251
3411	   0.05251
3412	   0.05251
3413	   0.05251
3414	   0.05251
3415	   0.05251
3416	   0.05251
3417	   0.05251
3418	   0.05251
3419	   0.05251
3420	   0.05251
3421	   0.05251
3422	   0.05251
3423	   0.05251
3424	   0.05251
3425	   0.05251
3426	   0.05251
3427	   0.05251
3428	   0.05251
3429	   0.05251
3430	   0.05251
3431	   0.05251
3432	   0.06638
3433	   0.06638
3434	   0.06638
3435	   0.06638
3436	   0.06638
3437	   0.06638
3438	   0.06638
3439	   0.06638
3440	   0.06638
3441	   0.06638
3442	   0.06638
3443	   0.06638
3444	   0.06638
3445	   0.06638
3446	   0.06638
3447	   0.06638
3448	   0.06638
3449	   0.06638
3450	   0.06638
3451	   0.06638
3452	   0.06638
3453	   0.06638
3454	   0.06638
3455	   0.06638
3456	   0.06969
3457	   0.06969
3458	   0.06969
3459	   0.06969
3460	   0.06969
3461	   0.06969
3462	   0.06969
3463	   0.06969
3464	   0.06969
3465	   0.06969
3466	   0.06969
3467	   0.06969
3468	   0.06969
3469	   0.06969
3470	   0.06969
3471	   0.06969
3472	   0.06969
3473	   0.06969
3474	   0.06969
3475	   0.06969
3476	   0.06969
3477	   0.06969
3478	   0.06969
3479	   0.06969
3480	   0.08223
3481	   0.08223
3482	   0.08223
3483	   0.08223
3484	   0.08223
3485	   0.08223
3486	   0.08223
3487	   0.08223
3488	   0.08223
3489	   0.08223
3490	   0.08223
3491	   0.08223
3492	   0.08223
3493	   0.08223
3494	   0.08223
3495	   0.08223
3496	   0.08223
3497	   0.08223
3498	   0.08223
3499	   0.08223
3500	   0.08223
3501	   0.08223
3502	   0.08223
3503	   0.08223
3504	   0.08186
3505	   0.08186
3506	   0.08186
3507	   0.08186
3508	   0.08186
3509	   0.08186
3510	   0.08186
3511	   0.08186
3512	   0.08186
3513	   0.08186
3514	   0.08186
3515	   0.08186
3516	   0.08186
3517	   0.08186
3518	   0.08186
3519	   0.08186
3520	   0.08186
3521	   0.08186
3522	   0.08186
3523	   0.08186
3524	   0.08186
3525	   0.08186
3526	   0.08186
3527	   0.08186
3528	   0.08530
3529	   0.08530
3530	   0.08530
3531	   0.08530
3532	   0.08530
3533	   0.08530
3534	   0.08530
3535	   0.08530
3536	   0.08530
3537	   0.08530
3538	   0.08530
3539	   0.08530
3540	   0.08530
3541	   0.08530
3542	   0.08530
3543	   0.08530
3544	   0.08530
3545	   0.08530
3546	   0.08530
3547	   0.08530
3548	   0.08530
3549	   0.08530
3550	   0.08530
3551	   0.08530
3552	   0.09589
3553	   0.09589
3554	   0.09589
3555	   0.09589
3556	   0.09589
3557	   0.09589
3558	   0.09589
3559	   0.09589
3560	   0.09589
3561	   0.09589
3562	   0.09589
3563	   0.09589
3564	   0.09589
3565	   0.09589
3566	   0.09589
3567	   0.09589
3568	   0.09589
3569	   0.09589
3570	   0.09589
3571	   0.09589
3572	   0.09589
3573	   0.09589
3574	   0.09589
3575	   0.09589
3576	   0.10539
3577	   0.10539
3578	   0.10539
3579	   0.10539
3580	   0.10539
3581	   0.10539
3582	   0.10539
3583	   0.10539
3584	   0.10539
3585	   0.10539
3586	   0.10539
3587	   0.10539
3588	   0.10539
3589	   0.10539
3590	   0.10539
3591	   0.10539
3592	   0.10539
3593	   0.10539
3594	   0.10539
3595	   0.10539
3596	   0.10539
3597	   0.10539
3598	   0.10539
3599	   0.10539
3600	   0.11059
3601	   0.11059
3602	   0.11059
3603	   0.11059
3604	   0.11059
3605	   0.11059
3606	   0.11059
3607	   0.11059
3608	   0.11059
3609	   0.11059
3610	   0.11059
3611	   0.11059
3612	   0.11059
3613	   0.11059
3614	   0.11059
3615	   0.11059
3616	   0.11059
3617	   0.11059
3618	   0.11059
3619	   0.11059
3620	   0.11059
3621	   0.11059
3622	   0.11059
3623	   0.11059
3624	   0.10943
3625	   0.10943
3626	   0.10943
3627	   0.10943
3628	   0.10943
3629	   0.10943
3630	   0.10943
3631	   0.10943
3632	   0.10943
3633	   0.10943
3634	   0.10943
3635	   0.10943
3636	   0.10943
3637	   0.10943
3638	   0.10943
3639	   0.10943
3640	   0.10943
3641	   0.10943
3642	   0.10943
3643	   0.10943
3644	   0.10943
3645	   0.10943
3646	   0.10943
3647	   0.10943
3648	   0.10216
3649	   0.10216
3650	   0.10216
3651	   0.10216
3652	   0.10216
3653	   0.10216
3654	   0.10216
3655	   0.10216
3656	   0.10216
3657	   0.10216
3658	   0.10216
3659	   0.10216
3660	   0.10216
3661	   0.10216
3662	   0.10216
3663	   0.10216
3664	   0.10216
3665	   0.10216
3666	   0.10216
3667	   0.10216
3668	   0.10216
3669	   0.10216
3670	   0.10216
3671	   0.10216
3672	   0.09171
3673	   0.09171
3674	   0.09171
3675	   0.09171
3676	   0.09171
3677	   0.09171
3678	   0.09171
3679	   0.09171
3680	   0.09171
3681	   0.09171
3682	   0.09171
3683	   0.09171
3684	   0.09171
3685	   0.09171
3686	   0.09171
3687	   0.09171
3688	   0.09171
3689	   0.09171
3690	   0.09171
3691	   0.09171
3692	   0.09171
3693	   0.09171
3694	   0.09171
3695	   0.09171
3696	   0.07637
3697	   0.07637
3698	   0.07637
3699	   0.07637
3700	   0.07637
3701	   0.07637
3702	   0.07637
3703	   0.07637
3704	   0.07637
3705	   0.07637
3706	   0.07637
3707	   0.07637
3708	   0.07637
3709	   0.07637
3710	   0.07637
3711	   0.07637
3712	   0.07637
3713	   0.07637
3714	   0.07637
3715	   0.07637
3716	   0.07637
3717	   0.07637
3718	   0.07637
3719	   0.07637
3720	   0.05214
3721	   0.05214
3722	   0.05214
3723	   0.05214
3724	   0.05214
3725	   0.05214
3726	   0.05214
3727	   0.05214
3728	   0.05214
3729	   0.05214
3730	   0.05214
3731	   0.05214
3732	   0.05214
3733	   0.05214
3734	   0.05214
3735	   0.05214
3736	   0.05214
3737	   0.05214
3738	   0.05214
3739	   0.05214
3740	   0.05214
3741	   0.05214
3742	   0.05214
3743	   0.05214
3744	   0.05663
3745	   0.05663
3746	   0.05663
3747	   0.05663
3748	   0.05663
3749	   0.05663
3750	   0.05663
3751	   0.05663
3752	   0.05663
3753	   0.05663
3754	   0.05663
3755	   0.05663
3756	   0.05663
3757	   0.05663
3758	   0.05663
3759	   0.05663
3760	   0.05663
3761	   0.05663
3762	   0.05663
3763	   0.05663
3764	   0.05663
3765	   0.05663
3766	   0.05663
3767	   0.05663
3768	   0.08323
3769	   0.08323
3770	   0.08323
3771	   0.08323
3772	   0.08323
3773	   0.08323
3774	   0.08323
3775	   0.08323
3776	   0.08323
3777	   0.08323
3778	   0.08323
3779	   0.08323
3780	   0.08323
3781	   0.08323
3782	   0.08323
3783	   0.08323
3784	   0.08323
3785	   0.08323
3786	   0.08323
3787	   0.08323
3788	   0.08323
3789	   0.08323
3790	   0.08323
3791	   0.08323
3792	   0.12276
3793	   0.12276
3794	   0.12276
3795	   0.12276
3796	   0.12276
3797	   0.12276
3798	   0.12276
3799	   0.12276
3800	   0.12276
3801	   0.12276
3802	   0.12276
3803	   0.12276
3804	   0.12276
3805	   0.12276
3806	   0.12276
3807	   0.12276
3808	   0.12276
3809	   0.12276
3810	   0.12276
3811	   0.12276
3812	   0.12276
3813	   0.12276
3814	   0.12276
3815	   0.12276
3816	   0.15071
3817	   0.15071
3818	   0.15071
3819	   0.15071
3820	   0.15071
3821	   0.15071
3822	   0.15071
3823	   0.15071
3824	   0.15071
3825	   0.15071
3826	   0.15071
3827	   0.15071
3828	   0.15071
3829	   0.15071
3830	   0.15071
3831	   0.15071
3832	   0.15071
3833	   0.15071
3834	   0.15071
3835	   0.15071
3836	   0.15071
3837	   0.15071
3838	   0.15071
3839	   0.15071
3840	   0.19657
3841	   0.19657
3842	   0.19657
3843	   0.19657
3844	   0.19657
3845	   0.19657
3846	   0.19657
3847	   0.19657
3848	   0.19657
3849	   0.19657
3850	   0.19657
3851	   0.19657
3852	   0.19657
3853	   0.19657
3854	   0.19657
3855	   0.19657
3856	   0.19657
3857	   0.19657
3858	   0.19657
3859	   0.19657
3860	   0.19657
3861	   0.19657
3862	   0.19657
3863	   0.19657
3864	   0.21299
3865	   0.21299
3866	   0.21299
3867	   0.21299
3868	   0.21299
3869	   0.21299
3870	   0.21299
3871	   0.21299
3872	   0.21299
3873	   0.21299
3874	   0.21299
3875	   0.21299
3876	   0.21299
3877	   0.21299
3878	   0.21299
3879	   0.21299
3880	   0.21299
3881	   0.21299
3882	   0.21299
3883	   0.21299
3884	   0.21299
3885	   0.21299
3886	   0.21299
3887	   0.21299
3888	   0.21990
3889	   0.21990
3890	   0.21990
3891	   0.21990
3892	   0.21990
3893	   0.21990
3894	   0.21990
3895	   0.21990
3896	   0.21990
3897	   0.21990
3898	   0.21990
3899	   0.21990
3900	   0.21990
3901	   0.21990
3902	   0.21990
3903	   0.21990
3904	   0.21990
3905	   0.21990
3906	   0.21990
3907	   0.21990
3908	   0.21990
3909	   0.21990
3910	   0.21990
3911	   0.21990
3912	   0.22276
3913	   0.22276
3914	   0.22276
3915	   0.22276
3916	   0.22276
3917	   0.22276
3918	   0.22276
3919	   0.22276
3920	   0.22276
3921	   0.22276
3922	   0.22276
3923	   0.22276
3924	   0.22276
3925	   0.22276
3926	   0.22276
3927	   0.22276
3928	   0.22276
3929	   0.22276
3930	   0.22276
3931	   0.22276
3932	   0.22276
3933	   0.22276
3934	   0.22276
3935	   0.22276
3936	   0.22376
3937	   0.22376
3938	   0.22376
3939	   0.22376
3940	   0.22376
3941	   0.22376
3942	   0.22376
3943	   0.22376
3944	   0.22376
3945	   0.22376
3946	   0.22376
3947	   0.22376
3948	   0.22376
3949	   0.22376
3950	   0.22376
3951	   0.22376
3952	   0.22376
3953	   0.22376
3954	   0.22376
3955	   0.22376
3956	   0.22376
3957	   0.22376
3958	   0.22376
3959	   0.22376
3960	   0.22409
3961	   0.22409
3962	   0.22409
3963	   0.22409
3964	   0.22409
3965	   0.22409
3966	   0.22409
3967	   0.22409
3968	   0.22409
3969	   0.22409
3970	   0.22409
3971	   0.22409
3972	   0.22409
3973	   0.22409
3974	   0.22409
3975	   0.22409
3976	   0.22409
3977	   0.22409
3978	   0.22409
3979	   0.22409
3980	   0.22409
3981	   0.22409
3982	   0.22409
3983	   0.22409
3984	   0.22781
3985	   0.22781
3986	   0.22781
3987	   0.22781
3988	   0.22781
3989	   0.22781
3990	   0.22781
3991	   0.22781
3992	   0.22781
3993	   0.22781
3994	   0.22781
3995	   0.22781
3996	   0.22781
3997	   0.22781
3998	   0.22781
3999	   0.22781
4000	   0.22781
4001	   0.22781
4002	   0.22781
4003	   0.22781
4004	   0.22781
4005	   0.22781
4006	   0.22781
4007	   0.22781
4008	   0.23496
4009	   0.23496
4010	   0.23496
4011	   0.23496
4012	   0.23496
4013	   0.23496
4014	   0.23496
4015	   0.23496
4016	   0.23496
4017	   0.23496
4018	   0.23496
4019	   0.23496
4020	   0.23496
4021	   0.23496
4022	   0.23496
4023	   0.23496
4024	   0.23496
4025	   0.23496
4026	   0.23496
4027	   0.23496
4028	   0.23496
4029	   0.23496
4030	   0.23496
4031	   0.23496
4032	   0.23885
4033	   0.23885
4034	   0.23885
4035	   0.23885
4036	   0.23885
4037	   0.23885
4038	   0.23885
4039	   0.23885
4040	   0.23885
4041	   0.23885
4042	   0.23885
4043	   0.23885
4044	   0.23885
4045	   0.23885
4046	   0.23885
4047	   0.23885
4048	   0.23885
4049	   0.23885
4050	   0.23885
4051	   0.23885
4052	   0.23885
4053	   0.23885
4054	   0.23885
4055	   0.23885
4056	   0.23539
4057	   0.23539
4058	   0.23539
4059	   0.23539
4060	   0.23539
4061	   0.23539
4062	   0.23539
4063	   0.23539
4064	   0.23539
4065	   0.23539
4066	   0.23539
4067	   0.23539
4068	   0.23539
4069	   0.23539
4070	   0.23539
4071	   0.23539
4072	   0.23539
4073	   0.23539
4074	   0.23539
4075	   0.23539
4076	   0.23539
4077	   0.23539
4078	   0.23539
4079	   0.23539
4080	   0.24716
4081	   0.24716
4082	   0.24716
4083	   0.24716
4084	   0.24716
4085	   0.24716
4086	   0.24716
4087	   0.24716
4088	   0.24716
4089	   0.24716
4090	   0.24716
4091	   0.24716
4092	   0.24716
4093	   0.24716
4094	   0.24716
4095	   0.24716
4096	   0.24716
4097	   0.24716
4098	   0.24716
4099	   0.24716
4100	   0.24716
4101	   0.24716
4102	   0.24716
4103	   0.24716
4104	   0.25463
4105	   0.25463
4106	   0.25463
4107	   0.25463
4108	   0.25463
4109	   0.25463
4110	   0.25463
4111	   0.25463
4112	   0.25463
4113	   0.25463
4114	   0.25463
4115	   0.25463
4116	   0.25463
4117	   0.25463
4118	   0.25463
4119	   0.25463
4120	   0.25463
4121	   0.25463
4122	   0.25463
4123	   0.25463
4124	   0.25463
4125	   0.25463
4126	   0.25463
4127	   0.25463
4128	   0.24995
4129	   0.24995
4130	   0.24995
4131	   0.24995
4132	   0.24995
4133	   0.24995
4134	   0.24995
4135	   0.24995
4136	   0.24995
4137	   0.24995
4138	   0.24995
4139	   0.24995
4140	   0.24995
4141	   0.24995
4142	   0.24995
4143	   0.24995
4144	   0.24995
4145	   0.24995
4146	   0.24995
4147	   0.24995
4148	   0.24995
4149	   0.24995
4150	   0.24995
4151	   0.24995
4152	   0.24426
4153	   0.24426
4154	   0.24426
4155	   0.24426
4156	   0.24426
4157	   0.24426
4158	   0.24426
4159	   0.24426
4160	   0.24426
4161	   0.24426
4162	   0.24426
4163	   0.24426
4164	   0.24426
4165	   0.24426
4166	   0.24426
4167	   0.24426
4168	   0.24426
4169	   0.24426
4170	   0.24426
4171	   0.24426
4172	   0.24426
4173	   0.24426
4174	   0.24426
4175	   0.24426
4176	   0.23668
4177	   0.23668
4178	   0.23668
4179	   0.23668
4180	   0.23668
4181	   0.23668
4182	   0.23668
4183	   0.23668
4184	   0.23668
4185	   0.23668
4186	   0.23668
4187	   0.23668
4188	   0.23668
4189	   0.23668
4190	   0.23668
4191	   0.23668
4192	   0.23668
4193	   0.23668
4194	   0.23668
4195	   0.23668
4196	   0.23668
4197	   0.23668
4198	   0.23668
4199	   0.23668
4200	   0.23113
4201	   0.23113
4202	   0.23113
4203	   0.23113
4204	   0.23113
4205	   0.23113
4206	   0.23113
4207	   0.23113
4208	   0.23113
4209	   0.23113
4210	   0.23113
4211	   0.23113
4212	   0.23113
4213	   0.23113
4214	   0.23113
4215	   0.23113
4216	   0.23113
4217	   0.23113
4218	   0.23113
4219	   0.23113
4220	   0.23113
4221	   0.23113
4222	   0.23113
4223	   0.23113
4224	   0.23095
4225	   0.23095
4226	   0.23095
4227	   0.23095
4228	   0.23095
4229	   0.23095
4230	   0.23095
4231	   0.23095
4232	   0.23095
4233	   0.23095
4234	   0.23095
4235	   0.23095
4236	   0.23095
4237	   0.23095
4238	   0.23095
4239	   0.23095
4240	   0.23095
4241	   0.23095
4242	   0.23095
4243	   0.23095
4244	   0.23095
4245	   0.23095
4246	   0.23095
4247	   0.23095
4248	   0.24979
4249	   0.24979
4250	   0.24979
4251	   0.24979
4252	   0.24979
4253	   0.24979
4254	   0.24979
4255	   0.24979
4256	   0.24979
4257	   0.24979
4258	   0.24979
4259	   0.24979
4260	   0.24979
4261	   0.24979
4262	   0.24979
4263	   0.24979
4264	   0.24979
4265	   0.24979
4266	   0.24979
4267	   0.24979
4268	   0.24979
4269	   0.24979
4270	   0.24979
4271	   0.24979
4272	   0.27121
4273	   0.27121
4274	   0.27121
4275	   0.27121
4276	   0.27121
4277	   0.27121
4278	   0.27121
4279	   0.27121
4280	   0.27121
4281	   0.27121
4282	   0.27121
4283	   0.27121
4284	   0.27121
4285	   0.27121
4286	   0.27121
4287	   0.27121
4288	   0.27121
4289	   0.27121
4290	   0.27121
4291	   0.27121
4292	   0.27121
4293	   0.27121
4294	   0.27121
4295	   0.27121
4296	   0.27793
4297	   0.27793
4298	   0.27793
4299	   0.27793
4300	   0.27793
4301	   0.27793
4302	   0.27793
4303	   0.27793
4304	   0.27793
4305	   0.27793
4306	   0.27793
4307	   0.27793
4308	   0.27793
4309	   0.27793
4310	   0.27793
4311	   0.27793
4312	   0.27793
4313	   0.27793
4314	   0.27793
4315	   0.27793
4316	   0.27793
4317	   0.27793
4318	   0.27793
4319	   0.27793
4320	   0.27341
4321	   0.27341
4322	   0.27341
4323	   0.27341
4324	   0.27341
4325	   0.27341
4326	   0.27341
4327	   0.27341
4328	   0.27341
4329	   0.27341
4330	   0.27341
4331	   0.27341
4332	   0.27341
4333	   0.27341
4334	   0.27341
4335	   0.27341
4336	   0.27341
4337	   0.27341
4338	   0.27341
4339	   0.27341
4340	   0.27341
4341	   0.27341
4342	   0.27341
4343	   0.27341
4344	   0.27043
4345	   0.27043
4346	   0.27043
4347	   0.27043
4348	   0.27043
4349	   0.27043
4350	   0.27043
4351	   0.27043
4352	   0.27043
4353	   0.27043
4354	   0.27043
4355	   0.27043
4356	   0.27043
4357	   0.27043
4358	   0.27043
4359	   0.27043
4360	   0.27043
4361	   0.27043
4362	   0.27043
4363	   0.27043
4364	   0.27043
4365	   0.27043
4366	   0.27043
4367	   0.27043
4368	   0.26062
4369	   0.26062
4370	   0.26062
4371	   0.26062
4372	   0.26062
4373	   0.26062
4374	   0.26062
4375	   0.26062
4376	   0.26062
4377	   0.26062
4378	   0.26062
4379	   0.26062
4380	   0.26062
4381	   0.26062
4382	   0.26062
4383	   0.26062
4384	   0.26062
4385	   0.26062
4386	   0.26062
4387	   0.26062
4388	   0.26062
4389	   0.26062
4390	   0.26062
4391	   0.26062
4392	   0.25161
4393	   0.25161
4394	   0.25161
4395	   0.25161
4396	   0.25161
4397	   0.25161
4398	   0.25161
4399	   0.25161
4400	   0.25161
4401	   0.25161
4402	   0.25161
4403	   0.25161
4404	   0.25161
4405	   0.25161
4406	   0.25161
4407	   0.25161
4408	   0.25161
4409	   0.25161
4410	   0.25161
4411	   0.25161
4412	   0.25161
4413	   0.25161
4414	   0.25161
4415	   0.25161
4416	   0.24487
4417	   0.24487
4418	   0.24487
4419	   0.24487
4420	   0.24487
4421	   0.24487
4422	   0.24487
4423	   0.24487
4424	   0.24487
4425	   0.24487
4426	   0.24487
4427	   0.24487
4428	   0.24487
4429	   0.24487
4430	   0.24487
4431	   0.24487
4432	   0.24487
4433	   0.24487
4434	   0.24487
4435	   0.24487
4436	   0.24487
4437	   0.24487
4438	   0.24487
4439	   0.24487
4440	   0.23649
4441	   0.23649
4442	   0.23649
4443	   0.23649
4444	   0.23649
4445	   0.23649
4446	   0.23649
4447	   0.23649
4448	   0.23649
4449	   0.23649
4450	   0.23649
4451	   0.23649
4452	   0.23649
4453	   0.23649
4454	   0.23649
4455	   0.23649
4456	   0.23649
4457	   0.23649
4458	   0.23649
4459	   0.23649
4460	   0.23649
4461	   0.23649
4462	   0.23649
4463	   0.23649
4464	   0.23219
4465	   0.23219
4466	   0.23219
4467	   0.23219
4468	   0.23219
4469	   0.23219
4470	   0.23219
4471	   0.23219
4472	   0.23219
4473	   0.23219
4474	   0.23219
4475	   0.23219
4476	   0.23219
4477	   0.23219
4478	   0.23219
4479	   0.23219
4480	   0.23219
4481	   0.23219
4482	   0.23219
4483	   0.23219
4484	   0.23219
4485	   0.23219
4486	   0.23219
4487	   0.23219
4488	   0.22803
4489	   0.22803
4490	   0.22803
4491	   0.22803
4492	   0.22803
4493	   0.22803
4494	   0.22803
4495	   0.22803
4496	   0.22803
4497	   0.22803
4498	   0.22803
4499	   0.22803
4500	   0.22803
4501	   0.22803
4502	   0.22803
4503	   0.22803
4504	   0.22803
4505	   0.22803
4506	   0.22803
4507	   0.22803
4508	   0.22803
4509	   0.22803
4510	   0.22803
4511	   0.22803
4512	   0.21853
4513	   0.21853
4514	   0.21853
4515	   0.21853
4516	   0.21853
4517	   0.21853
4518	   0.21853
4519	   0.21853
4520	   0.21853
4521	   0.21853
4522	   0.21853
4523	   0.21853
4524	   0.21853
4525	   0.21853
4526	   0.21853
4527	   0.21853
4528	   0.21853
4529	   0.21853
4530	   0.21853
4531	   0.21853
4532	   0.21853
4533	   0.21853
4534	   0.21853
4535	   0.21853
4536	   0.22351
4537	   0.22351
4538	   0.22351
4539	   0.22351
4540	   0.22351
4541	   0.22351
4542	   0.22351
4543	   0.22351
4544	   0.22351
4545	   0.22351
4546	   0.22351
4547	   0.22351
4548	   0.22351
4549	   0.22351
4550	   0.22351
4551	   0.22351
4552	   0.22351
4553	   0.22351
4554	   0.22351
4555	   0.22351
4556	   0.22351
4557	   0.22351
4558	   0.22351
4559	   0.22351
4560	   0.22298
4561	   0.22298
4562	   0.22298
4563	   0.22298
4564	   0.22298
4565	   0.22298
4566	   0.22298
4567	   0.22298
4568	   0.22298
4569	   0.22298
4570	   0.22298
4571	   0.22298
4572	   0.22298
4573	   0.22298
4574	   0.22298
4575	   0.22298
4576	   0.22298
4577	   0.22298
4578	   0.22298
4579	   0.22298
4580	   0.22298
4581	   0.22298
4582	   0.22298
4583	   0.22298
4584	   0.23858
4585	   0.23858
4586	   0.23858
4587	   0.23858
4588	   0.23858
4589	   0.23858
4590	   0.23858
4591	   0.23858
4592	   0.23858
4593	   0.23858
4594	   0.23858
4595	   0.23858
4596	   0.23858
4597	   0.23858
4598	   0.23858
4599	   0.23858
4600	   0.23858
4601	   0.23858
4602	   0.23858
4603	   0.23858
4604	   0.23858
4605	   0.23858
4606	   0.23858
4607	   0.23858
4608	   0.23569
4609	   0.23569
4610	   0.23569
4611	   0.23569
4612	   0.23569
4613	   0.23569
4614	   0.23569
4615	   0.23569
4616	   0.23569
4617	   0.23569
4618	   0.23569
4619	   0.23569
4620	   0.23569
4621	   0.23569
4622	   0.23569
4623	   0.23569
4624	   0.23569
4625	   0.23569
4626	   0.23569
4627	   0.23569
4628	   0.23569
4629	   0.23569
4630	   0.23569
4631	   0.23569
4632	   0.22843
4633	   0.22843
4634	   0.22843
4635	   0.22843
4636	   0.22843
4637	   0.22843
4638	   0.22843
4639	   0.22843
4640	   0.22843
4641	   0.22843
4642	   0.22843
4643	   0.22843
4644	   0.22843
4645	   0.22843
4646	   0.22843
4647	   0.22843
4648	   0.22843
4649	   0.22843
4650	   0.22843
4651	   0.22843
4652	   0.22843
4653	   0.22843
4654	   0.22843
4655	   0.22843
4656	   0.22359
4657	   0.22359
4658	   0.22359
4659	   0.22359
4660	   0.22359
4661	   0.22359
4662	   0.22359
4663	   0.22359
4664	   0.22359
4665	   0.22359
4666	   0.22359
4667	   0.22359
4668	   0.22359
4669	   0.22359
4670	   0.22359
4671	   0.22359
4672	   0.22359
4673	   0.22359
4674	   0.22359
4675	   0.22359
4676	   0.22359
4677	   0.22359
4678	   0.22359
4679	   0.22359
4680	   0.22318
4681	   0.22318
4682	   0.22318
4683	   0.22318
4684	   0.22318
4685	   0.22318
4686	   0.22318
4687	   0.22318
4688	   0.22318
4689	   0.22318
4690	   0.22318
4691	   0.22318
4692	   0.22318
4693	   0.22318
4694	   0.22318
4695	   0.22318
4696	   0.22318
4697	   0.22318
4698	   0.22318
4699	   0.22318
4700	   0.22318
4701	   0.22318
4702	   0.22318
4703	   0.22318
4704	   0.24056
4705	   0.24056
4706	   0.24056
4707	   0.24056
4708	   0.24056
4709	   0.24056
4710	   0.24056
4711	   0.24056
4712	   0.24056
4713	   0.24056
4714	   0.24056
4715	   0.24056
4716	   0.24056
4717	   0.24056
4718	   0.24056
4719	   0.24056
4720	   0.24056
4721	   0.24056
4722	   0.24056
4723	   0.24056
4724	   0.24056
4725	   0.24056
4726	   0.24056
4727	   0.24056
4728	   0.25976
4729	   0.25976
4730	   0.25976
4731	   0.25976
4732	   0.25976
4733	   0.25976
4734	   0.25976
4735	   0.25976
4736	   0.25976
4737	   0.25976
4738	   0.25976
4739	   0.25976
4740	   0.25976
4741	   0.25976
4742	   0.25976
4743	   0.25976
4744	   0.25976
4745	   0.25976
4746	   0.25976
4747	   0.25976
4748	   0.25976
4749	   0.25976
4750	   0.25976
4751	   0.25976
4752	   0.28187
4753	   0.28187
4754	   0.28187
4755	   0.28187
4756	   0.28187
4757	   0.28187
4758	   0.28187
4759	   0.28187
4760	   0.28187
4761	   0.28187
4762	   0.28187
4763	   0.28187
4764	   0.28187
4765	   0.28187
4766	   0.28187
4767	   0.28187
4768	   0.28187
4769	   0.28187
4770	   0.28187
4771	   0.28187
4772	   0.28187
4773	   0.28187
4774	   0.28187
4775	   0.28187
4776	   0.28233
4777	   0.28233
4778	   0.28233
4779	   0.28233
4780	   0.28233
4781	   0.28233
4782	   0.28233
4783	   0.28233
4784	   0.28233
4785	   0.28233
4786	   0.28233
4787	   0.28233
4788	   0.28233
4789	   0.28233
4790	   0.28233
4791	   0.28233
4792	   0.28233
4793	   0.28233
4794	   0.28233
4795	   0.28233
4796	   0.28233
4797	   0.28233
4798	   0.28233
4799	   0.28233
4800	   0.27256
4801	   0.27256
4802	   0.27256
4803	   0.27256
4804	   0.27256
4805	   0.27256
4806	   0.27256
4807	   0.27256
4808	   0.27256
4809	   0.27256
4810	   0.27256
4811	   0.27256
4812	   0.27256
4813	   0.27256
4814	   0.27256
4815	   0.27256
4816	   0.27256
4817	   0.27256
4818	   0.27256
4819	   0.27256
4820	   0.27256
4821	   0.27256
4822	   0.27256
4823	   0.27256
4824	   0.26417
4825	   0.26417
4826	   0.26417
4827	   0.26417
4828	   0.26417
4829	   0.26417
4830	   0.26417
4831	   0.26417
4832	   0.26417
4833	   0.26417
4834	   0.26417
4835	   0.26417
4836	   0.26417
4837	   0.26417
4838	   0.26417
4839	   0.26417
4840	   0.26417
4841	   0.26417
4842	   0.26417
4843	   0.26417
4844	   0.26417
4845	   0.26417
4846	   0.26417
4847	   0.26417
4848	   0.25550
4849	   0.25550
4850	   0.25550
4851	   0.25550
4852	   0.25550
4853	   0.25550
4854	   0.25550
4855	   0.25550
4856	   0.25550
4857	   0.25550
4858	   0.25550
4859	   0.25550
4860	   0.25550
4861	   0.25550
4862	   0.25550
4863	   0.25550
4864	   0.25550
4865	   0.25550
4866	   0.25550
4867	   0.25550
4868	   0.25550
4869	   0.25550
4870	   0.25550
4871	   0.25550
4872	   0.25497
4873	   0.25497
4874	   0.25497
4875	   0.25497
4876	   0.25497
4877	   0.25497
4878	   0.25497
4879	   0.25497
4880	   0.25497
4881	   0.25497
4882	   0.25497
4883	   0.25497
4884	   0.25497
4885	   0.25497
4886	   0.25497
4887	   0.25497
4888	   0.25497
4889	   0.25497
4890	   0.25497
4891	   0.25497
4892	   0.25497
4893	   0.25497
4894	   0.25497
4895	   0.25497
4896	   0.25084
4897	   0.25084
4898	   0.25084
4899	   0.25084
4900	   0.25084
4901	   0.25084
4902	   0.25084
4903	   0.25084
4904	   0.25084
4905	   0.25084
4906	   0.25084
4907	   0.25084
4908	   0.25084
4909	   0.25084
4910	   0.25084
4911	   0.25084
4912	   0.25084
4913	   0.25084
4914	   0.25084
4915	   0.25084
4916	   0.25084
4917	   0.25084
4918	   0.25084
4919	   0.25084
4920	   0.24279
4921	   0.24279
4922	   0.24279
4923	   0.24279
4924	   0.24279
4925	   0.24279
4926	   0.24279
4927	   0.24279
4928	   0.24279
4929	   0.24279
4930	   0.24279
4931	   0.24279
4932	   0.24279
4933	   0.24279
4934	   0.24279
4935	   0.24279
4936	   0.24279
4937	   0.24279
4938	   0.24279
4939	   0.24279
4940	   0.24279
4941	   0.24279
4942	   0.24279
4943	   0.24279
4944	   0.25375
4945	   0.25375
4946	   0.25375
4947	   0.25375
4948	   0.25375
4949	   0.25375
4950	   0.25375
4951	   0.25375
4952	   0.25375
4953	   0.25375
4954	   0.25375
4955	   0.25375
4956	   0.25375
4957	   0.25375
4958	   0.25375
4959	   0.25375
4960	   0.25375
4961	   0.25375
4962	   0.25375
4963	   0.25375
4964	   0.25375
4965	   0.25375
4966	   0.25375
4967	   0.25375
4968	   0.27356
4969	   0.27356
4970	   0.27356
4971	   0.27356
4972	   0.27356
4973	   0.27356
4974	   0.27356
4975	   0.27356
4976	   0.27356
4977	   0.27356
4978	   0.27356
4979	   0.27356
4980	   0.27356
4981	   0.27356
4982	   0.27356
4983	   0.27356
4984	   0.27356
4985	   0.27356
4986	   0.27356
4987	   0.27356
4988	   0.27356
4989	   0.27356
4990	   0.27356
4991	   0.27356
4992	   0.28455
4993	   0.28455
4994	   0.28455
4995	   0.28455
4996	   0.28455
4997	   0.28455
4998	   0.28455
4999	   0.28455
5000	   0.28455
5001	   0.28455
5002	   0.28455
5003	   0.28455
5004	   0.28455
5005	   0.28455
5006	   0.28455
5007	   0.28455
5008	   0.28455
5009	   0.28455
5010	   0.28455
5011	   0.28455
5012	   0.28455
5013	   0.28455
5014	   0.28455
5015	   0.28455
5016	   0.27724
5017	   0.27724
5018	   0.27724
5019	   0.27724
5020	   0.27724
5021	   0.27724
5022	   0.27724
5023	   0.27724
5024	   0.27724
5025	   0.27724
5026	   0.27724
5027	   0.27724
5028	   0.27724
5029	   0.27724
5030	   0.27724
5031	   0.27724
5032	   0.27724
5033	   0.27724
5034	   0.27724
5035	   0.27724
5036	   0.27724
5037	   0.27724
5038	   0.27724
5039	   0.27724
5040	   0.26763
5041	   0.26763
5042	   0.26763
5043	   0.26763
5044	   0.26763
5045	   0.26763
5046	   0.26763
5047	   0.26763
5048	   0.26763
5049	   0.26763
5050	   0.26763
5051	   0.26763
5052	   0.26763
5053	   0.26763
5054	   0.26763
5055	   0.26763
5056	   0.26763
5057	   0.26763
5058	   0.26763
5059	   0.26763
5060	   0.26763
5061	   0.26763
5062	   0.26763
5063	   0.26763
5064	   0.26238
5065	   0.26238
5066	   0.26238
5067	   0.26238
5068	   0.26238
5069	   0.26238
5070	   0.26238
5071	   0.26238
5072	   0.26238
5073	   0.26238
5074	   0.26238
5075	   0.26238
5076	   0.26238
5077	   0.26238
5078	   0.26238
5079	   0.26238
5080	   0.26238
5081	   0.26238
5082	   0.26238
5083	   0.26238
5084	   0.26238
5085	   0.26238
5086	   0.26238
5087	   0.26238
5088	   0.25448
5089	   0.25448
5090	   0.25448
5091	   0.25448
5092	   0.25448
5093	   0.25448
5094	   0.25448
5095	   0.25448
5096	   0.25448
5097	   0.25448
5098	   0.25448
5099	   0.25448
5100	   0.25448
5101	   0.25448
5102	   0.25448
5103	   0.25448
5104	   0.25448
5105	   0.25448
5106	   0.25448
5107	   0.25448
5108	   0.25448
5109	   0.25448
5110	   0.25448
5111	   0.25448
5112	   0.24278
5113	   0.24278
5114	   0.24278
5115	   0.24278
5116	   0.24278
5117	   0.24278
5118	   0.24278
5119	   0.24278
5120	   0.24278
5121	   0.24278
5122	   0.24278
5123	   0.24278
5124	   0.24278
5125	   0.24278
5126	   0.24278
5127	   0.24278
5128	   0.24278
5129	   0.24278
5130	   0.24278
5131	   0.24278
5132	   0.24278
5133	   0.24278
5134	   0.24278
5135	   0.24278
5136	   0.22956
5137	   0.22956
5138	   0.22956
5139	   0.22956
5140	   0.22956
5141	   0.22956
5142	   0.22956
5143	   0.22956
5144	   0.22956
5145	   0.22956
5146	   0.22956
5147	   0.22956
5148	   0.22956
5149	   0.22956
5150	   0.22956
5151	   0.22956
5152	   0.22956
5153	   0.22956
5154	   0.22956
5155	   0.22956
5156	   0.22956
5157	   0.22956
5158	   0.22956
5159	   0.22956
5160	   0.21677
5161	   0.21677
5162	   0.21677
5163	   0.21677
5164	   0.21677
5165	   0.21677
5166	   0.21677
5167	   0.21677
5168	   0.21677
5169	   0.21677
5170	   0.21677
5171	   0.21677
5172	   0.21677
5173	   0.21677
5174	   0.21677
5175	   0.21677
5176	   0.21677
5177	   0.21677
5178	   0.21677
5179	   0.21677
5180	   0.21677
5181	   0.21677
5182	   0.21677
5183	   0.21677
5184	   0.22353
5185	   0.22353
5186	   0.22353
5187	   0.22353
5188	   0.22353
5189	   0.22353
5190	   0.22353
5191	   0.22353
5192	   0.22353
5193	   0.22353
5194	   0.22353
5195	   0.22353
5196	   0.22353
5197	   0.22353
5198	   0.22353
5199	   0.22353
5200	   0.22353
5201	   0.22353
5202	   0.22353
5203	   0.22353
5204	   0.22353
5205	   0.22353
5206	   0.22353
5207	   0.22353
5208	   0.21531
5209	   0.21531
5210	   0.21531
5211	   0.21531
5212	   0.21531
5213	   0.21531
5214	   0.21531
5215	   0.21531
5216	   0.21531
5217	   0.21531
5218	   0.21531
5219	   0.21531
5220	   0.21531
5221	   0.21531
5222	   0.21531
5223	   0.21531
5224	   0.21531
5225	   0.21531
5226	   0.21531
5227	   0.21531
5228	   0.21531
5229	   0.21531
5230	   0.21531
5231	   0.21531
5232	   0.20367
5233	   0.20367
5234	   0.20367
5235	   0.20367
5236	   0.20367
5237	   0.20367
5238	   0.20367
5239	   0.20367
5240	   0.20367
5241	   0.20367
5242	   0.20367
5243	   0.20367
5244	   0.20367
5245	   0.20367
5246	   0.20367
5247	   0.20367
5248	   0.20367
5249	   0.20367
5250	   0.20367
5251	   0.20367
5252	   0.20367
5253	   0.20367
5254	   0.20367
5255	   0.20367
5256	   0.21280
5257	   0.21280
5258	   0.21280
5259	   0.21280
5260	   0.21280
5261	   0.21280
5262	   0.21280
5263	   0.21280
5264	   0.21280
5265	   0.21280
5266	   0.21280
5267	   0.21280
5268	   0.21280
5269	   0.21280
5270	   0.21280
5271	   0.21280
5272	   0.21280
5273	   0.21280
5274	   0.21280
5275	   0.21280
5276	   0.21280
5277	   0.21280
5278	   0.21280
5279	   0.21280
5280	   0.23563
5281	   0.23563
5282	   0.23563
5283	   0.23563
5284	   0.23563
5285	   0.23563
5286	   0.23563
5287	   0.23563
5288	   0.23563
5289	   0.23563
5290	   0.23563
5291	   0.23563
5292	   0.23563
5293	   0.23563
5294	   0.23563
5295	   0.23563
5296	   0.23563
5297	   0.23563
5298	   0.23563
5299	   0.23563
5300	   0.23563
5301	   0.23563
5302	   0.23563
5303	   0.23563
5304	   0.25755
5305	   0.25755
5306	   0.25755
5307	   0.25755
5308	   0.25755
5309	   0.25755
5310	   0.25755
5311	   0.25755
5312	   0.25755
5313	   0.25755
5314	   0.25755
5315	   0.25755
5316	   0.25755
5317	   0.25755
5318	   0.25755
5319	   0.25755
5320	   0.25755
5321	   0.25755
5322	   0.25755
5323	   0.25755
5324	   0.25755
5325	   0.25755
5326	   0.25755
5327	   0.25755
5328	   0.25858
5329	   0.25858
5330	   0.25858
5331	   0.25858
5332	   0.25858
5333	   0.25858
5334	   0.25858
5335	   0.25858
5336	   0.25858
5337	   0.25858
5338	   0.25858
5339	   0.25858
5340	   0.25858
5341	   0.25858
5342	   0.25858
5343	   0.25858
5344	   0.25858
5345	   0.25858
5346	   0.25858
5347	   0.25858
5348	   0.25858
5349	   0.25858
5350	   0.25858
5351	   0.25858
5352	   0.25880
5353	   0.25880
5354	   0.25880
5355	   0.25880
5356	   0.25880
5357	   0.25880
5358	   0.25880
5359	   0.25880
5360	   0.25880
5361	   0.25880
5362	   0.25880
5363	   0.25880
5364	   0.25880
5365	   0.25880
5366	   0.25880
5367	   0.25880
5368	   0.25880
5369	   0.25880
5370	   0.25880
5371	   0.25880
5372	   0.25880
5373	   0.25880
5374	   0.25880
5375	   0.25880
5376	   0.25694
5377	   0.25694
5378	   0.25694
5379	   0.25694
5380	   0.25694
5381	   0.25694
5382	   0.25694
5383	   0.25694
5384	   0.25694
5385	   0.25694
5386	   0.25694
5387	   0.25694
5388	   0.25694
5389	   0.25694
5390	   0.25694
5391	   0.25694
5392	   0.25694
5393	   0.25694
5394	   0.25694
5395	   0.25694
5396	   0.25694
5397	   0.25694
5398	   0.25694
5399	   0.25694
5400	   0.24677
5401	   0.24677
5402	   0.24677
5403	   0.24677
5404	   0.24677
5405	   0.24677
5406	   0.24677
5407	   0.24677
5408	   0.24677
5409	   0.24677
5410	   0.24677
5411	   0.24677
5412	   0.24677
5413	   0.24677
5414	   0.24677
5415	   0.24677
5416	   0.24677
5417	   0.24677
5418	   0.24677
5419	   0.24677
5420	   0.24677
5421	   0.24677
5422	   0.24677
5423	   0.24677
5424	   0.24493
5425	   0.24493
5426	   0.24493
5427	   0.24493
5428	   0.24493
5429	   0.24493
5430	   0.24493
5431	   0.24493
5432	   0.24493
5433	   0.24493
5434	   0.24493
5435	   0.24493
5436	   0.24493
5437	   0.24493
5438	   0.24493
5439	   0.24493
5440	   0.24493
5441	   0.24493
5442	   0.24493
5443	   0.24493
5444	   0.24493
5445	   0.24493
5446	   0.24493
5447	   0.24493
5448	   0.25575
5449	   0.25575
5450	   0.25575
5451	   0.25575
5452	   0.25575
5453	   0.25575
5454	   0.25575
5455	   0.25575
5456	   0.25575
5457	   0.25575
5458	   0.25575
5459	   0.25575
5460	   0.25575
5461	   0.25575
5462	   0.25575
5463	   0.25575
5464	   0.25575
5465	   0.25575
5466	   0.25575
5467	   0.25575
5468	   0.25575
5469	   0.25575
5470	   0.25575
5471	   0.25575
5472	   0.25333
5473	   0.25333
5474	   0.25333
5475	   0.25333
5476	   0.25333
5477	   0.25333
5478	   0.25333
5479	   0.25333
5480	   0.25333
5481	   0.25333
5482	   0.25333
5483	   0.25333
5484	   0.25333
5485	   0.25333
5486	   0.25333
5487	   0.25333
5488	   0.25333
5489	   0.25333
5490	   0.25333
5491	   0.25333
5492	   0.25333
5493	   0.25333
5494	   0.25333
5495	   0.25333
5496	   0.24088
5497	   0.24088
5498	   0.24088
5499	   0.24088
5500	   0.24088
5501	   0.24088
5502	   0.24088
5503	   0.24088
5504	   0.24088
5505	   0.24088
5506	   0.24088
5507	   0.24088
5508	   0.24088
5509	   0.24088
5510	   0.24088
5511	   0.24088
5512	   0.24088
5513	   0.24088
5514	   0.24088
5515	   0.24088
5516	   0.24088
5517	   0.24088
5518	   0.24088
5519	   0.24088
5520	   0.23037
5521	   0.23037
5522	   0.23037
5523	   0.23037
5524	   0.23037
5525	   0.23037
5526	   0.23037
5527	   0.23037
5528	   0.23037
5529	   0.23037
5530	   0.23037
5531	   0.23037
5532	   0.23037
5533	   0.23037
5534	   0.23037
5535	   0.23037
5536	   0.23037
5537	   0.23037
5538	   0.23037
5539	   0.23037
5540	   0.23037
5541	   0.23037
5542	   0.23037
5543	   0.23037
5544	   0.22638
5545	   0.22638
5546	   0.22638
5547	   0.22638
5548	   0.22638
5549	   0.22638
5550	   0.22638
5551	   0.22638
5552	   0.22638
5553	   0.22638
5554	   0.22638
5555	   0.22638
5556	   0.22638
5557	   0.22638
5558	   0.22638
5559	   0.22638
5560	   0.22638
5561	   0.22638
5562	   0.22638
5563	   0.22638
5564	   0.22638
5565	   0.22638
5566	   0.22638
5567	   0.22638
5568	   0.22048
5569	   0.22048
5570	   0.22048
5571	   0.22048
5572	   0.22048
5573	   0.22048
5574	   0.22048
5575	   0.22048
5576	   0.22048
5577	   0.22048
5578	   0.22048
5579	   0.22048
5580	   0.22048
5581	   0.22048
5582	   0.22048
5583	   0.22048
5584	   0.22048
5585	   0.22048
5586	   0.22048
5587	   0.22048
5588	   0.22048
5589	   0.22048
5590	   0.22048
5591	   0.22048
5592	   0.20993
5593	   0.20993
5594	   0.20993
5595	   0.20993
5596	   0.20993
5597	   0.20993
5598	   0.20993
5599	   0.20993
5600	   0.20993
5601	   0.20993
5602	   0.20993
5603	   0.20993
5604	   0.20993
5605	   0.20993
5606	   0.20993
5607	   0.20993
5608	   0.20993
5609	   0.20993
5610	   0.20993
5611	   0.20993
5612	   0.20993
5613	   0.20993
5614	   0.20993
5615	   0.20993
5616	   0.19863
5617	   0.19863
5618	   0.19863
5619	   0.19863
5620	   0.19863
5621	   0.19863
5622	   0.19863
5623	   0.19863
5624	   0.19863
5625	   0.19863
5626	   0.19863
5627	   0.19863
5628	   0.19863
5629	   0.19863
5630	   0.19863
5631	   0.19863
5632	   0.19863
5633	   0.19863
5634	   0.19863
5635	   0.19863
5636	   0.19863
5637	   0.19863
5638	   0.19863
5639	   0.19863
5640	   0.19248
5641	   0.19248
5642	   0.19248
5643	   0.19248
5644	   0.19248
5645	   0.19248
5646	   0.19248
5647	   0.19248
5648	   0.19248
5649	   0.19248
5650	   0.19248
5651	   0.19248
5652	   0.19248
5653	   0.19248
5654	   0.19248
5655	   0.19248
5656	   0.19248
5657	   0.19248
5658	   0.19248
5659	   0.19248
5660	   0.19248
5661	   0.19248
5662	   0.19248
5663	   0.19248
5664	   0.18855
5665	   0.18855
5666	   0.18855
5667	   0.18855
5668	   0.18855
5669	   0.18855
5670	   0.18855
5671	   0.18855
5672	   0.18855
5673	   0.18855
5674	   0.18855
5675	   0.18855
5676	   0.18855
5677	   0.18855
5678	   0.18855
5679	   0.18855
5680	   0.18855
5681	   0.18855
5682	   0.18855
5683	   0.18855
5684	   0.18855
5685	   0.18855
5686	   0.18855
5687	   0.18855
5688	   0.17780
5689	   0.17780
5690	   0.17780
5691	   0.17780
5692	   0.17780
5693	   0.17780
5694	   0.17780
5695	   0.17780
5696	   0.17780
5697	   0.17780
5698	   0.17780
5699	   0.17780
5700	   0.17780
5701	   0.17780
5702	   0.17780
5703	   0.17780
5704	   0.17780
5705	   0.17780
5706	   0.17780
5707	   0.17780
5708	   0.17780
5709	   0.17780
5710	   0.17780
5711	   0.17780
5712	   0.16323
5713	   0.16323
5714	   0.16323
5715	   0.16323
5716	   0.16323
5717	   0.16323
5718	   0.16323
5719	   0.16323
5720	   0.16323
5721	   0.16323
5722	   0.16323
5723	   0.16323
5724	   0.16323
5725	   0.16323
5726	   0.16323
5727	   0.16323
5728	   0.16323
5729	   0.16323
5730	   0.16323
5731	   0.16323
5732	   0.16323
5733	   0.16323
5734	   0.16323
5735	   0.16323
5736	   0.14808
5737	   0.14808
5738	   0.14808
5739	   0.14808
5740	   0.14808
5741	   0.14808
5742	   0.14808
5743	   0.14808
5744	   0.14808
5745	   0.14808
5746	   0.14808
5747	   0.14808
5748	   0.14808
5749	   0.14808
5750	   0.14808
5751	   0.14808
5752	   0.14808
5753	   0.14808
5754	   0.14808
5755	   0.14808
5756	   0.14808
5757	   0.14808
5758	   0.14808
5759	   0.14808
5760	   0.13770
5761	   0.13770
5762	   0.13770
5763	   0.13770
5764	   0.13770
5765	   0.13770
5766	   0.13770
5767	   0.13770
5768	   0.13770
5769	   0.13770
5770	   0.13770
5771	   0.13770
5772	   0.13770
5773	   0.13770
5774	   0.13770
5775	   0.13770
5776	   0.13770
5777	   0.13770
5778	   0.13770
5779	   0.13770
5780	   0.13770
5781	   0.13770
5782	   0.13770
5783	   0.13770
5784	   0.14487
5785	   0.14487
5786	   0.14487
5787	   0.14487
5788	   0.14487
5789	   0.14487
5790	   0.14487
5791	   0.14487
5792	   0.14487
5793	   0.14487
5794	   0.14487
5795	   0.14487
5796	   0.14487
5797	   0.14487
5798	   0.14487
5799	   0.14487
5800	   0.14487
5801	   0.14487
5802	   0.14487
5803	   0.14487
5804	   0.14487
5805	   0.14487
5806	   0.14487
5807	   0.14487
5808	   0.14464
5809	   0.14464
5810	   0.14464
5811	   0.14464
5812	   0.14464
5813	   0.14464
5814	   0.14464
5815	   0.14464
5816	   0.14464
5817	   0.14464
5818	   0.14464
5819	   0.14464
5820	   0.14464
5821	   0.14464
5822	   0.14464
5823	   0.14464
5824	   0.14464
5825	   0.14464
5826	   0.14464
5827	   0.14464
5828	   0.14464
5829	   0.14464
5830	   0.14464
5831	   0.14464
5832	   0.12433
5833	   0.12433
5834	   0.12433
5835	   0.12433
5836	   0.12433
5837	   0.12433
5838	   0.12433
5839	   0.12433
5840	   0.12433
5841	   0.12433
5842	   0.12433
5843	   0.12433
5844	   0.12433
5845	   0.12433
5846	   0.12433
5847	   0.12433
5848	   0.12433
5849	   0.12433
5850	   0.12433
5851	   0.12433
5852	   0.12433
5853	   0.12433
5854	   0.12433
5855	   0.12433
5856	   0.10367
5857	   0.10367
5858	   0.10367
5859	   0.10367
5860	   0.10367
5861	   0.10367
5862	   0.10367
5863	   0.10367
5864	   0.10367
5865	   0.10367
5866	   0.10367
5867	   0.10367
5868	   0.10367
5869	   0.10367
5870	   0.10367
5871	   0.10367
5872	   0.10367
5873	   0.10367
5874	   0.10367
5875	   0.10367
5876	   0.10367
5877	   0.10367
5878	   0.10367
5879	   0.10367
5880	   0.10521
5881	   0.10521
5882	   0.10521
5883	   0.10521
5884	   0.10521
5885	   0.10521
5886	   0.10521
5887	   0.10521
5888	   0.10521
5889	   0.10521
5890	   0.10521
5891	   0.10521
5892	   0.10521
5893	   0.10521
5894	   0.10521
5895	   0.10521
5896	   0.10521
5897	   0.10521
5898	   0.10521
5899	   0.10521
5900	   0.10521
5901	   0.10521
5902	   0.10521
5903	   0.10521
5904	   0.09781
5905	   0.09781
5906	   0.09781
5907	   0.09781
5908	   0.09781
5909	   0.09781
5910	   0.09781
5911	   0.09781
5912	   0.09781
5913	   0.09781
5914	   0.09781
5915	   0.09781
5916	   0.09781
5917	   0.09781
5918	   0.09781
5919	   0.09781
5920	   0.09781
5921	   0.09781
5922	   0.09781
5923	   0.09781
5924	   0.09781
5925	   0.09781
5926	   0.09781
5927	   0.09781
5928	   0.09759
5929	   0.09759
5930	   0.09759
5931	   0.09759
5932	   0.09759
5933	   0.09759
5934	   0.09759
5935	   0.09759
5936	   0.09759
5937	   0.09759
5938	   0.09759
5939	   0.09759
5940	   0.09759
5941	   0.09759
5942	   0.09759
5943	   0.09759
5944	   0.09759
5945	   0.09759
5946	   0.09759
5947	   0.09759
5948	   0.09759
5949	   0.09759
5950	   0.09759
5951	   0.09759
5952	   0.09218
5953	   0.09218
5954	   0.09218
5955	   0.09218
5956	   0.09218
5957	   0.09218
5958	   0.09218
5959	   0.09218
5960	   0.09218
5961	   0.09218
5962	   0.09218
5963	   0.09218
5964	   0.09218
5965	   0.09218
5966	   0.09218
5967	   0.09218
5968	   0.09218
5969	   0.09218
5970	   0.09218
5971	   0.09218
5972	   0.09218
5973	   0.09218
5974	   0.09218
5975	   0.09218
5976	   0.09127
